Complexity increased keeping gamma very unbalanced, and increasing K (K=4)
==================================================

N (neurons): 3
K (states): 4
T (time steps): 100000
Seed: None
Number of repetitions: 10

Initialization of parameters for HMM:
Pi: [1 0 0 0]
Gamma: [[0.85 0.05 0.05 0.05]
 [0.05 0.85 0.05 0.05]
 [0.05 0.05 0.85 0.05]
 [0.05 0.05 0.05 0.85]]
R: [[0.5 0.  0.5 0. ]
 [0.  0.5 0.5 0. ]
 [0.5 0.  0.  0.5]
 [0.  0.5 0.  0.5]]

Generated data:
Generated firings (y): [0 2 2 2 0 0 2 2 0 2 2 0 2 3 1 1 0 2 2 2 3 2 3 3 3 3 3 3 1 3 3 3 3 1 0 1 1
 1 1 1 0 0 1 1 0 1 1 3 0 0 0 0 2 0 0 2 2 0 0 0 0 3 1 0 1 3 3 3 2 2 3 3 3 2
 2 3 2 3 3 3 2 3 3 2 3 1 1 2 2 2 2 2 0 2 0 2 3 2 2 2]... (showing first 100 entries)
Generated states (z): [0 0 0 0 0 0 0 0 0 0 0 0 3 3 2 2 2 3 3 3 3 3 3 3 3 3 1 1 2 1 1 1 1 1 2 2 2
 2 2 2 2 2 2 2 2 2 1 3 0 0 0 0 0 0 0 0 0 0 0 0 0 1 2 2 1 1 3 3 3 3 3 3 3 3
 3 3 3 3 3 3 3 3 3 3 3 2 2 0 0 0 0 0 0 0 0 0 3 3 3 3]... (showing first 100 entries)

Estimated parameters:
Estimated Pi: [array([0.26767148, 0.12618628, 0.47362171, 0.13252053]), array([0.65490857, 0.04635008, 0.27373539, 0.02500596]), array([0.01747836, 0.11706523, 0.23779169, 0.62766472]), array([0.90573455, 0.02659108, 0.04595008, 0.0217243 ]), array([0.35467212, 0.11207554, 0.36570157, 0.16755077]), array([0.28587479, 0.02775846, 0.2485119 , 0.43785485]), array([0.16417658, 0.30111696, 0.42561945, 0.109087  ]), array([0.42531828, 0.0600492 , 0.42335065, 0.09128188]), array([0.14553152, 0.19867875, 0.16765286, 0.48813687]), array([0.54374897, 0.32816127, 0.11439879, 0.01369097])]
Estimated Gamma: [array([[0.03186234, 0.16171487, 0.17980611, 0.62661669],
       [0.1904287 , 0.21143828, 0.22678342, 0.37134961],
       [0.27969593, 0.27496893, 0.07997523, 0.36535992],
       [0.09135666, 0.31261235, 0.18863418, 0.40739682]]), array([[0.67978205, 0.01740446, 0.17095411, 0.13185937],
       [0.14775909, 0.59637447, 0.10599159, 0.14987485],
       [0.15345078, 0.14899251, 0.08631358, 0.61124312],
       [0.05585944, 0.37318427, 0.31681173, 0.25414455]]), array([[0.46828957, 0.34663979, 0.14249092, 0.04257972],
       [0.20641752, 0.14438641, 0.37208392, 0.27711215],
       [0.16167249, 0.1309664 , 0.48500535, 0.22235576],
       [0.27274134, 0.02179507, 0.08825061, 0.61721298]]), array([[0.71931414, 0.02100808, 0.18748169, 0.0721961 ],
       [0.09211569, 0.58444462, 0.27434371, 0.04909597],
       [0.03358749, 0.40434786, 0.2405692 , 0.32149545],
       [0.11378254, 0.01909923, 0.14514121, 0.72197702]]), array([[5.67834200e-01, 2.04133156e-01, 1.82805168e-01, 4.52274753e-02],
       [5.40259667e-01, 1.70195815e-01, 5.58973949e-04, 2.88985544e-01],
       [4.18517834e-01, 1.47563984e-01, 4.51563996e-02, 3.88761783e-01],
       [1.46888179e-01, 1.64933824e-01, 8.08497368e-02, 6.07328260e-01]]), array([[0.41760871, 0.02507254, 0.23345245, 0.3238663 ],
       [0.0902841 , 0.05062232, 0.51590913, 0.34318445],
       [0.00456957, 0.47351272, 0.28006254, 0.24185516],
       [0.32008265, 0.23928718, 0.10677393, 0.33385625]]), array([[0.55389208, 0.26507283, 0.13274574, 0.04828935],
       [0.37699826, 0.30740177, 0.19147951, 0.12412045],
       [0.18215838, 0.15017218, 0.63336579, 0.03430365],
       [0.04930562, 0.01478324, 0.09528857, 0.84062258]]), array([[0.68345247, 0.0190883 , 0.19844142, 0.09901782],
       [0.07354932, 0.11538028, 0.39279066, 0.41827974],
       [0.1895504 , 0.20822949, 0.48032386, 0.12189625],
       [0.0465127 , 0.41332702, 0.10308103, 0.43707925]]), array([[0.3231773 , 0.3175156 , 0.0716025 , 0.2877046 ],
       [0.37528075, 0.03764252, 0.39873948, 0.18833725],
       [0.26358535, 0.08871237, 0.3758208 , 0.27188149],
       [0.39925338, 0.39047045, 0.11880497, 0.09147121]]), array([[0.50458636, 0.07924907, 0.23968842, 0.17647615],
       [0.51630769, 0.02776616, 0.10596024, 0.34996591],
       [0.08465745, 0.19761562, 0.52390317, 0.19382376],
       [0.51762507, 0.14008321, 0.15312524, 0.18916648]])]
Estimated R: [array([[0.33226189, 0.42669697, 0.34137219, 0.08163592],
       [0.0760109 , 0.30021031, 0.06801876, 0.35514426],
       [0.08125011, 0.0041115 , 0.13541832, 0.50821756],
       [0.51047711, 0.26898122, 0.45519072, 0.05500227]]), array([[0.56724963, 0.13981109, 0.08736014, 0.16891405],
       [0.37360193, 0.16143396, 0.33233717, 0.17125776],
       [0.03856623, 0.34059094, 0.26736697, 0.35735404],
       [0.0205822 , 0.35816401, 0.31293572, 0.30247415]]), array([[0.08231982, 0.23004635, 0.21310917, 0.46506993],
       [0.30636166, 0.13675373, 0.53943994, 0.01286368],
       [0.16319264, 0.22276922, 0.20966685, 0.38858369],
       [0.44812588, 0.4104307 , 0.03778404, 0.1334827 ]]), array([[0.60723979, 0.07024914, 0.11311492, 0.21241348],
       [0.03264903, 0.47272694, 0.55594501, 0.06771016],
       [0.35364262, 0.01115321, 0.1761911 , 0.38854554],
       [0.00646856, 0.44587072, 0.15474897, 0.33133082]]), array([[0.41148122, 0.26195614, 0.16340549, 0.04439923],
       [0.35516964, 0.10726357, 0.56936811, 0.06758565],
       [0.15883543, 0.32568373, 0.16877143, 0.37214349],
       [0.07451371, 0.30509656, 0.09845497, 0.51587163]]), array([[0.3814657 , 0.040437  , 0.21986514, 0.34462325],
       [0.4699716 , 0.20829947, 0.02393   , 0.32821332],
       [0.04136741, 0.5457225 , 0.28416092, 0.15418922],
       [0.10719529, 0.20554104, 0.47204394, 0.17297421]]), array([[0.0024544 , 0.32037298, 0.72221323, 0.01892632],
       [0.68126823, 0.17989868, 0.09513449, 0.00115835],
       [0.0593568 , 0.19834802, 0.16112067, 0.56520768],
       [0.25692056, 0.30138032, 0.02153161, 0.41470765]]), array([[0.16862267, 0.08784189, 0.58800484, 0.07006428],
       [0.01360567, 0.61062063, 0.07501357, 0.42119789],
       [0.5266052 , 0.16659738, 0.24163834, 0.04647435],
       [0.29116645, 0.13494011, 0.09534324, 0.46226348]]), array([[0.16099826, 0.33126395, 0.0879566 , 0.48119898],
       [0.5147685 , 0.20126478, 0.05863554, 0.08487998],
       [0.1662265 , 0.2373684 , 0.53917935, 0.10339548],
       [0.15800674, 0.23010286, 0.3142285 , 0.33052556]]), array([[0.40206621, 0.25091238, 0.18369782, 0.06790548],
       [0.13231061, 0.19801478, 0.37365022, 0.33429615],
       [0.25448958, 0.20640427, 0.14903672, 0.41423622],
       [0.21113359, 0.34466857, 0.29361524, 0.18356216]])]

