Complexity increased keeping gamma very unbalanced, and increasing K (K=8)
==================================================

N (neurons): 3
K (states): 8
T (time steps): 50000
Seed: None
Number of repetitions: 10

Initialization of parameters for HMM:
Pi: [1 0 0 0 0 0 0 0]
Gamma: [[0.72 0.04 0.04 0.04 0.04 0.04 0.04 0.04]
 [0.04 0.72 0.04 0.04 0.04 0.04 0.04 0.04]
 [0.04 0.04 0.72 0.04 0.04 0.04 0.04 0.04]
 [0.04 0.04 0.04 0.72 0.04 0.04 0.04 0.04]
 [0.04 0.04 0.04 0.04 0.72 0.04 0.04 0.04]
 [0.04 0.04 0.04 0.04 0.04 0.72 0.04 0.04]
 [0.04 0.04 0.04 0.04 0.04 0.04 0.72 0.04]
 [0.04 0.04 0.04 0.04 0.04 0.04 0.04 0.72]]
R: [[0.5        0.         0.5        0.         0.33333333 0.33333333
  0.33333333 0.        ]
 [0.         0.5        0.5        0.         0.         0.33333333
  0.33333333 0.33333333]
 [0.5        0.         0.         0.5        0.33333333 0.
  0.33333333 0.33333333]
 [0.         0.5        0.         0.5        0.33333333 0.33333333
  0.         0.33333333]]

Generated data:
Generated firings (y): [0 0 2 3 1 1 0 0 1 1 3 0 0 0 2 0 3 1 2 1 1 1 3 0 2 2 1 1 1 1 2 2 3 1 3 3 1
 1 3 0 0 1 3 3 0 3 1 1 1 0 3 3 3 3 0 1 3 1 0 3 1 3 0 2 0 2 1 0 2 2 2 0 2 1
 0 1 3 0 0 1 3 2 2 3 3 3 2 3 2 3 3 3 2 2 2 0 0 0 3 1]... (showing first 100 entries)
Generated states (z): [0 4 4 4 1 1 2 2 1 1 1 4 4 4 4 4 4 7 7 7 7 7 7 0 0 0 1 2 2 2 0 0 1 1 7 1 1
 1 5 5 5 5 3 5 5 5 5 5 5 5 5 5 5 5 5 5 5 5 5 7 7 7 0 0 0 0 6 6 6 6 6 6 6 6
 5 5 5 5 5 5 5 3 3 3 3 3 3 3 3 3 3 3 7 7 7 6 2 2 1 2]... (showing first 100 entries)

Estimated parameters:
Estimated Pi: [array([0.16427835, 0.38548784, 0.08934363, 0.08885207, 0.1002832 ,
       0.01186166, 0.02747811, 0.13241515]), array([0.04427093, 0.03701146, 0.22354763, 0.01975192, 0.13358561,
       0.01883491, 0.35948582, 0.16351172]), array([0.21968704, 0.27643038, 0.00377547, 0.12169716, 0.03954424,
       0.21721282, 0.05162998, 0.0700229 ]), array([0.07601589, 0.40811623, 0.00870126, 0.01352572, 0.32358113,
       0.08260843, 0.05994689, 0.02750446]), array([0.1187697 , 0.12081081, 0.04201611, 0.03762182, 0.06763474,
       0.07817207, 0.47413568, 0.06083908]), array([0.0944952 , 0.17956591, 0.05383678, 0.0539141 , 0.08814368,
       0.19479952, 0.10458566, 0.23065914]), array([0.03792132, 0.13339683, 0.35800359, 0.10002289, 0.04327738,
       0.02886957, 0.2900923 , 0.00841612]), array([0.08950878, 0.18059138, 0.07094664, 0.10549681, 0.07058557,
       0.23188117, 0.16268885, 0.0883008 ]), array([0.09446589, 0.12765257, 0.05808489, 0.05417345, 0.01700537,
       0.45443978, 0.04270973, 0.15146832]), array([0.03986575, 0.15250073, 0.29953213, 0.08516601, 0.00346939,
       0.11817515, 0.22686671, 0.07442414])]
Estimated Gamma: [array([[0.14914386, 0.32021055, 0.08343208, 0.08167002, 0.08371994,
        0.07260428, 0.11578033, 0.09343894],
       [0.24851721, 0.06833099, 0.0692746 , 0.1061068 , 0.10863914,
        0.02210511, 0.05589883, 0.32112732],
       [0.1550877 , 0.22467977, 0.0325219 , 0.00445619, 0.23592044,
        0.11505822, 0.12578463, 0.10649115],
       [0.35780519, 0.00431564, 0.04154057, 0.02585385, 0.02643266,
        0.0686296 , 0.17132421, 0.30409828],
       [0.32479105, 0.08780365, 0.06210913, 0.12100864, 0.06790222,
        0.19448601, 0.08596616, 0.05593313],
       [0.05805898, 0.01711652, 0.01673556, 0.18839852, 0.03885504,
        0.39151311, 0.17680885, 0.11251343],
       [0.09272241, 0.03664696, 0.18411929, 0.15904195, 0.20597185,
        0.23664075, 0.04078432, 0.04407247],
       [0.14499416, 0.13729509, 0.07164886, 0.08267977, 0.14833592,
        0.0049952 , 0.09336295, 0.31668805]]), array([[0.14747978, 0.21773604, 0.00378182, 0.26159442, 0.228911  ,
        0.07774537, 0.02576964, 0.03698193],
       [0.1388922 , 0.2845517 , 0.0573298 , 0.17777813, 0.10750419,
        0.07523003, 0.05011543, 0.10859853],
       [0.05834366, 0.02410974, 0.34070831, 0.11379731, 0.23609745,
        0.06998943, 0.1250227 , 0.0319314 ],
       [0.31635142, 0.11894847, 0.05815675, 0.16100163, 0.13289349,
        0.04008615, 0.12323611, 0.04932599],
       [0.02894582, 0.002213  , 0.14741532, 0.11785183, 0.07436545,
        0.26149701, 0.23592105, 0.13179052],
       [0.41355447, 0.22478892, 0.01866027, 0.00538949, 0.04680887,
        0.00179608, 0.09749389, 0.191508  ],
       [0.02368921, 0.02642311, 0.08289522, 0.21090112, 0.00755289,
        0.11470226, 0.44600446, 0.08783173],
       [0.03964388, 0.18181644, 0.00787875, 0.12702639, 0.08776617,
        0.17956367, 0.07867679, 0.29762791]]), array([[0.23523665, 0.0592584 , 0.08014128, 0.01937162, 0.16473942,
        0.19119778, 0.14394976, 0.10610509],
       [0.28027299, 0.20080378, 0.04458339, 0.24090621, 0.07799565,
        0.07680076, 0.04649733, 0.03213989],
       [0.03088186, 0.09283417, 0.59307894, 0.08030093, 0.02199823,
        0.05591737, 0.09075763, 0.03423087],
       [0.09798362, 0.10116971, 0.16171916, 0.07510496, 0.1861448 ,
        0.04126106, 0.25578521, 0.08083148],
       [0.12818738, 0.13353447, 0.12413612, 0.15301798, 0.15578953,
        0.07164635, 0.2315625 , 0.00212567],
       [0.06243598, 0.0193649 , 0.14230391, 0.1339916 , 0.08790064,
        0.3023254 , 0.1683401 , 0.08333747],
       [0.00968886, 0.04160538, 0.02098047, 0.10859601, 0.36076694,
        0.08321493, 0.12819829, 0.24694911],
       [0.01304454, 0.00566654, 0.20963797, 0.18099891, 0.03214647,
        0.09436555, 0.22669357, 0.23744646]]), array([[0.13230779, 0.01291749, 0.08955485, 0.17870616, 0.14371605,
        0.13632965, 0.11543976, 0.19102826],
       [0.04326582, 0.35097379, 0.04362382, 0.00446001, 0.14281257,
        0.1842089 , 0.08315094, 0.14750415],
       [0.16509349, 0.04065656, 0.03948609, 0.17399477, 0.09199269,
        0.06855582, 0.23264218, 0.1875784 ],
       [0.25037234, 0.01116885, 0.36413865, 0.04909904, 0.08697499,
        0.0142933 , 0.03841488, 0.18553795],
       [0.04162342, 0.24225163, 0.15602754, 0.06002245, 0.14675499,
        0.11363645, 0.15438501, 0.08529852],
       [0.17602952, 0.09706508, 0.22002607, 0.12737185, 0.2168698 ,
        0.08131378, 0.01444332, 0.06688058],
       [0.05024901, 0.14611706, 0.29806714, 0.00057883, 0.07232189,
        0.08365433, 0.2187857 , 0.13022604],
       [0.11488239, 0.04682582, 0.14084909, 0.12784557, 0.0976774 ,
        0.17937973, 0.24685129, 0.0456887 ]]), array([[0.46402753, 0.23145239, 0.09632218, 0.0047443 , 0.06968329,
        0.05840568, 0.03498463, 0.04038   ],
       [0.08251068, 0.01355828, 0.1583714 , 0.08631543, 0.2276025 ,
        0.09769942, 0.14210223, 0.19184006],
       [0.13883144, 0.19705834, 0.02116434, 0.01891453, 0.1103912 ,
        0.37253969, 0.09518581, 0.04591464],
       [0.03487874, 0.2252221 , 0.15263222, 0.06358668, 0.34964078,
        0.10484967, 0.03139938, 0.03779041],
       [0.04266257, 0.17949616, 0.23690181, 0.02084435, 0.11928653,
        0.05532315, 0.03659252, 0.3088929 ],
       [0.07670757, 0.12057285, 0.19851225, 0.13999346, 0.01047046,
        0.09845477, 0.21041949, 0.14486915],
       [0.07009314, 0.00905475, 0.24312297, 0.05267692, 0.03732536,
        0.04111852, 0.44837152, 0.09823683],
       [0.04165968, 0.09313224, 0.07320405, 0.29650179, 0.21764375,
        0.10644648, 0.15032091, 0.02109109]]), array([[0.00584166, 0.0977368 , 0.19507729, 0.43660552, 0.06929166,
        0.0082824 , 0.05788348, 0.12928119],
       [0.03723033, 0.24732791, 0.02459723, 0.17724443, 0.06003931,
        0.20288423, 0.2254996 , 0.02517695],
       [0.21121247, 0.00255619, 0.00496565, 0.02631773, 0.03815578,
        0.15478151, 0.26559865, 0.29641201],
       [0.07668507, 0.27948316, 0.09543437, 0.14898915, 0.15180189,
        0.12353122, 0.10578106, 0.01829407],
       [0.11963527, 0.00473402, 0.01122211, 0.25218547, 0.29941095,
        0.0077495 , 0.08081905, 0.22424364],
       [0.14826775, 0.23814681, 0.182388  , 0.03030548, 0.03063673,
        0.06168645, 0.22849477, 0.080074  ],
       [0.20062743, 0.15981836, 0.23660798, 0.01999878, 0.20232877,
        0.02522111, 0.03833979, 0.11705779],
       [0.10421691, 0.15102653, 0.1442901 , 0.07271296, 0.14900829,
        0.14974805, 0.12534874, 0.10364843]]), array([[0.11193303, 0.29633064, 0.12573411, 0.05795838, 0.00225754,
        0.26699003, 0.07649407, 0.0623022 ],
       [0.14935292, 0.46135869, 0.03372744, 0.01380214, 0.0756049 ,
        0.10302144, 0.00839374, 0.15473873],
       [0.00563425, 0.15483703, 0.10870605, 0.05528406, 0.0390902 ,
        0.31304849, 0.20557723, 0.1178227 ],
       [0.09987593, 0.30109124, 0.11659045, 0.09210367, 0.23856648,
        0.0645972 , 0.02467466, 0.06250038],
       [0.20372619, 0.23257506, 0.04406453, 0.07042176, 0.04432271,
        0.24684373, 0.14874705, 0.00929898],
       [0.0226778 , 0.0877321 , 0.07728693, 0.15150234, 0.20950316,
        0.12109405, 0.12274885, 0.20745478],
       [0.0559985 , 0.06814917, 0.04058421, 0.05162781, 0.12768041,
        0.07064174, 0.56842403, 0.01689413],
       [0.05080873, 0.25813659, 0.01548907, 0.03729051, 0.09717416,
        0.0605642 , 0.07079094, 0.4097458 ]]), array([[0.12009215, 0.03894202, 0.2511535 , 0.03079077, 0.0511012 ,
        0.29033096, 0.13323257, 0.08435683],
       [0.18305846, 0.085802  , 0.25575182, 0.07872092, 0.02100753,
        0.09441361, 0.03867059, 0.24257508],
       [0.04125796, 0.20814835, 0.25348489, 0.19406929, 0.05831038,
        0.10531987, 0.02068147, 0.1187278 ],
       [0.06208777, 0.0673823 , 0.17197722, 0.23285389, 0.17259402,
        0.04338335, 0.05901324, 0.19070822],
       [0.10970267, 0.02024558, 0.07871488, 0.40654013, 0.09334294,
        0.16017598, 0.00897621, 0.1223016 ],
       [0.12333324, 0.13659772, 0.05403092, 0.0103235 , 0.02138377,
        0.32685872, 0.21630099, 0.11117115],
       [0.03157277, 0.1074973 , 0.16808178, 0.12272307, 0.02047051,
        0.25164375, 0.19016853, 0.10784228],
       [0.27092527, 0.09797881, 0.19939263, 0.10974207, 0.16997095,
        0.03924223, 0.03997018, 0.07277787]]), array([[1.84819308e-01, 5.23055462e-02, 5.04453120e-03, 2.82906782e-01,
        1.55286885e-01, 6.31863494e-02, 1.11917439e-01, 1.44533160e-01],
       [1.61415299e-01, 1.21794622e-01, 8.08057666e-02, 2.23092095e-01,
        3.25964369e-02, 1.16301884e-01, 7.25954285e-02, 1.91398469e-01],
       [2.18947720e-01, 1.04328484e-01, 1.88614400e-01, 2.89985240e-02,
        8.61672687e-02, 1.26272238e-01, 7.96306357e-02, 1.67040730e-01],
       [1.73047419e-01, 2.33831286e-01, 1.24297719e-01, 1.75536121e-01,
        4.64663261e-02, 6.30955309e-02, 7.16907263e-02, 1.12034871e-01],
       [1.57174306e-02, 7.48002583e-03, 2.70932010e-01, 3.51955372e-03,
        4.56035872e-01, 6.63285661e-02, 1.41063611e-01, 3.89229310e-02],
       [4.82858506e-04, 4.89422470e-02, 2.84786502e-02, 5.99950556e-01,
        5.05408859e-02, 9.05682045e-02, 4.60336791e-02, 1.35002919e-01],
       [2.82576505e-02, 5.37880746e-02, 3.01814042e-02, 2.00548468e-01,
        1.49491203e-02, 5.35543636e-03, 4.45881521e-01, 2.21038325e-01],
       [9.20501932e-03, 1.26722615e-01, 1.99359623e-01, 1.91157695e-01,
        1.55458805e-02, 3.05007533e-02, 2.77866876e-01, 1.49641537e-01]]), array([[0.07412794, 0.14149804, 0.10558361, 0.13988638, 0.25743042,
        0.00203758, 0.21152727, 0.06790875],
       [0.04807126, 0.37464479, 0.08592858, 0.13386745, 0.0558649 ,
        0.15422692, 0.0619623 , 0.0854338 ],
       [0.26238008, 0.08189668, 0.18295793, 0.09081544, 0.05413495,
        0.1438776 , 0.14120906, 0.04272826],
       [0.1621833 , 0.29694166, 0.04495216, 0.10111397, 0.04268757,
        0.08084918, 0.25381008, 0.01746207],
       [0.1092012 , 0.00057577, 0.138472  , 0.07185264, 0.34038542,
        0.07191557, 0.00284581, 0.2647516 ],
       [0.16752628, 0.23746306, 0.19621886, 0.10250327, 0.02640344,
        0.01437303, 0.03795389, 0.21755817],
       [0.1664907 , 0.13310089, 0.05978953, 0.07945354, 0.04289924,
        0.25066846, 0.16089018, 0.10670746],
       [0.0185918 , 0.04084439, 0.01910288, 0.11687866, 0.25199383,
        0.05939127, 0.01378291, 0.47941425]])]
Estimated R: [array([[1.89775232e-01, 4.50636894e-01, 3.93978986e-01, 1.75548858e-01,
        1.18200944e-01, 1.50415443e-02, 4.26513024e-02, 5.49377939e-01],
       [3.47217677e-01, 1.53003577e-01, 6.55450643e-02, 6.15942608e-01,
        2.03510387e-01, 2.11613676e-04, 3.40025527e-01, 2.31904936e-01],
       [3.25406607e-01, 3.66060444e-01, 1.76957648e-01, 1.32973263e-01,
        4.47907190e-01, 2.34556913e-01, 5.69631528e-02, 2.12824672e-01],
       [1.37600483e-01, 3.02990854e-02, 3.63518302e-01, 7.55352716e-02,
        2.30381479e-01, 7.50189929e-01, 5.60360018e-01, 5.89245301e-03]]), array([[0.13831029, 0.11544075, 0.39692008, 0.18294509, 0.20094594,
        0.15593229, 0.61288558, 0.21932592],
       [0.3246279 , 0.13190769, 0.0388705 , 0.72509232, 0.06854344,
        0.16180192, 0.19466482, 0.09388403],
       [0.20973643, 0.26750892, 0.18079916, 0.02271736, 0.48739764,
        0.39964484, 0.02319045, 0.61405123],
       [0.32732538, 0.48514263, 0.38341026, 0.06924523, 0.24311299,
        0.28262096, 0.16925915, 0.07273882]]), array([[0.6865716 , 0.40889265, 0.05450093, 0.37346903, 0.06346814,
        0.63972284, 0.10102531, 0.11194233],
       [0.1655284 , 0.07849065, 0.64371687, 0.01128258, 0.10031631,
        0.20919877, 0.15429281, 0.29679495],
       [0.05769785, 0.40605011, 0.00140208, 0.19114087, 0.62046684,
        0.0941347 , 0.56734767, 0.06958965],
       [0.09020215, 0.1065666 , 0.30038011, 0.42410753, 0.21574872,
        0.0569437 , 0.17733421, 0.52167307]]), array([[0.12573511, 0.73645956, 0.10295593, 0.18232538, 0.66102256,
        0.07091769, 0.14205567, 0.04914744],
       [0.21330228, 0.11295143, 0.35036622, 0.22730731, 0.17621593,
        0.08835966, 0.36048394, 0.36659325],
       [0.36473737, 0.12209619, 0.26488719, 0.16158036, 0.13848989,
        0.64797443, 0.08295512, 0.29909263],
       [0.29622524, 0.02849283, 0.28179066, 0.42878695, 0.02427162,
        0.19274822, 0.41450527, 0.28516668]]), array([[0.26424435, 0.20943843, 0.0657996 , 0.13782303, 0.06059981,
        0.22653799, 0.76726087, 0.14946808],
       [0.56058106, 0.01037241, 0.35439277, 0.24951609, 0.21497268,
        0.31196349, 0.05219558, 0.28353094],
       [0.12875788, 0.23835361, 0.55414452, 0.27977489, 0.14697571,
        0.45709214, 0.10021186, 0.10642518],
       [0.04641671, 0.54183556, 0.0256631 , 0.33288599, 0.5774518 ,
        0.00440637, 0.08033169, 0.46057579]]), array([[0.29580618, 0.39722596, 0.14014682, 0.12296537, 0.23801211,
        0.37945756, 0.14027258, 0.33888081],
       [0.18599067, 0.43328819, 0.16253568, 0.34665426, 0.09576691,
        0.22529433, 0.38533196, 0.04926938],
       [0.42316385, 0.07585261, 0.47980518, 0.20898188, 0.03589155,
        0.29607951, 0.24285941, 0.38697641],
       [0.0950393 , 0.09363325, 0.21751231, 0.32139849, 0.63032944,
        0.0991686 , 0.23153604, 0.22487339]]), array([[0.13061332, 0.2697702 , 0.62615144, 0.07773973, 0.05027949,
        0.12979197, 0.70432174, 0.01787498],
       [0.29609701, 0.02263311, 0.06306449, 0.48128445, 0.65985551,
        0.69934321, 0.04703002, 0.09810024],
       [0.439902  , 0.33716776, 0.07570867, 0.17020172, 0.01841836,
        0.00279702, 0.21644754, 0.51432874],
       [0.13338767, 0.37042892, 0.2350754 , 0.27077411, 0.27144665,
        0.16806781, 0.0322007 , 0.36969604]]), array([[0.32325901, 0.24880924, 0.20606213, 0.15741971, 0.03522935,
        0.39145652, 0.42886262, 0.19053828],
       [0.49267395, 0.22021491, 0.20783923, 0.0052122 , 0.19208553,
        0.38207816, 0.20613666, 0.26353736],
       [0.15632977, 0.18685945, 0.38018604, 0.256857  , 0.57187876,
        0.10030488, 0.30057425, 0.18179385],
       [0.02773727, 0.3441164 , 0.20591259, 0.58051109, 0.20080636,
        0.12616044, 0.06442646, 0.36413051]]), array([[0.04607853, 0.27174432, 0.34269372, 0.23615764, 0.01734596,
        0.63406344, 0.12261322, 0.45879177],
       [0.35379465, 0.02509319, 0.24080758, 0.12952181, 0.22700346,
        0.00708851, 0.71870104, 0.04352505],
       [0.55899662, 0.33930198, 0.34922041, 0.31110206, 0.06580816,
        0.136853  , 0.10204207, 0.1689365 ],
       [0.0411302 , 0.36386052, 0.06727829, 0.32321849, 0.68984241,
        0.22199504, 0.05664368, 0.32874669]]), array([[0.15335099, 0.4838968 , 0.42080623, 0.34548711, 0.05781652,
        0.31770023, 0.24372345, 0.10792992],
       [0.29159825, 0.37689524, 0.44990044, 0.35898813, 0.13386732,
        0.24496859, 0.18678186, 0.07575445],
       [0.28168735, 0.07841004, 0.03045162, 0.25134059, 0.22833122,
        0.19294357, 0.34565473, 0.49981431],
       [0.27336341, 0.06079791, 0.09884171, 0.04418416, 0.57998494,
        0.24438761, 0.22383996, 0.31650132]])]

