Complexity increased keeping gamma very unbalanced, and increasing K (K=4)
==================================================

N (neurons): 3
K (states): 4
T (time steps): 50000
Seed: None
Number of repetitions: 10

Initialization of parameters for HMM:
Pi: [1 0 0 0]
Gamma: [[0.85 0.05 0.05 0.05]
 [0.05 0.85 0.05 0.05]
 [0.05 0.05 0.85 0.05]
 [0.05 0.05 0.05 0.85]]
R: [[0.5 0.  0.5 0. ]
 [0.  0.5 0.5 0. ]
 [0.5 0.  0.  0.5]
 [0.  0.5 0.  0.5]]

Generated data:
Generated firings (y): [0 2 2 1 3 1 3 0 2 2 2 3 3 3 2 2 2 2 2 0 1 0 1 0 1 1 1 1 1 3 3 2 2 2 3 1 1
 1 3 3 1 1 0 2 0 2 2 2 0 0 0 0 2 3 3 2 2 0 1 0 0 0 0 0 0 1 3 1 3 1 0 0 1 1
 1 2 2 2 1 3 3 1 3 3 3 1 1 3 1 1 2 2 0 0 2 2 2 0 0 3]... (showing first 100 entries)
Generated states (z): [0 0 0 1 1 1 1 2 3 3 3 3 3 3 0 0 0 0 0 0 2 2 2 2 2 2 2 2 1 3 3 0 0 0 1 1 1
 1 1 1 1 1 0 0 0 0 0 0 0 0 0 0 0 1 1 0 0 0 2 2 2 2 2 2 2 1 1 1 1 1 2 2 2 2
 2 3 3 3 2 1 1 1 3 1 1 1 1 1 2 1 0 0 0 0 0 0 0 0 0 3]... (showing first 100 entries)

Estimated parameters:
Estimated Pi: [array([0.17476567, 0.38658828, 0.1398004 , 0.29884565]), array([0.46354555, 0.10878547, 0.05547609, 0.37219289]), array([0.03417209, 0.00067021, 0.58981229, 0.37534541]), array([0.05720383, 0.23958792, 0.43025504, 0.27295321]), array([0.35831989, 0.03422571, 0.4413689 , 0.1660855 ]), array([0.39774506, 0.10202852, 0.47390835, 0.02631807]), array([3.62463122e-01, 3.35029697e-04, 6.34818389e-01, 2.38345927e-03]), array([0.5971128 , 0.18704956, 0.14330155, 0.07253609]), array([0.65260341, 0.04500295, 0.03268057, 0.26971307]), array([0.41298555, 0.13998021, 0.01421935, 0.43281489])]
Estimated Gamma: [array([[0.03857825, 0.30137987, 0.3062328 , 0.35380909],
       [0.09809467, 0.08996629, 0.63201338, 0.17992566],
       [0.03168219, 0.25957223, 0.5376554 , 0.17109018],
       [0.03994889, 0.0928508 , 0.85716177, 0.01003854]]), array([[0.26740675, 0.12825222, 0.55511798, 0.04922304],
       [0.51756308, 0.16368422, 0.27791877, 0.04083393],
       [0.15761705, 0.17865414, 0.60158138, 0.06214742],
       [0.50034243, 0.0972204 , 0.16759267, 0.23484449]]), array([[0.35274088, 0.51567316, 0.11196107, 0.0196249 ],
       [0.1746664 , 0.06976021, 0.40337903, 0.35219435],
       [0.95011785, 0.00238607, 0.0191814 , 0.02831468],
       [0.95158821, 0.0170398 , 0.02160491, 0.00976708]]), array([[0.26098709, 0.43466334, 0.20913315, 0.09521643],
       [0.67606429, 0.02291521, 0.21472532, 0.08629518],
       [0.69240012, 0.07649304, 0.13612496, 0.09498187],
       [0.44803666, 0.40082082, 0.08761044, 0.06353209]]), array([[0.36576606, 0.03313985, 0.00436899, 0.5967251 ],
       [0.0783378 , 0.65716253, 0.04643889, 0.21806078],
       [0.13120794, 0.03697817, 0.13787986, 0.69393403],
       [0.03160685, 0.69518944, 0.00570306, 0.26750065]]), array([[0.04395422, 0.6281513 , 0.02146748, 0.30642701],
       [0.04414597, 0.38055273, 0.00209371, 0.57320759],
       [0.58211276, 0.27487596, 0.00881828, 0.13419299],
       [0.01588575, 0.56052844, 0.04607398, 0.37751183]]), array([[0.09137888, 0.65187245, 0.086533  , 0.17021568],
       [0.22435998, 0.36217098, 0.01204895, 0.4014201 ],
       [0.00111399, 0.9231252 , 0.00844794, 0.06731287],
       [0.24717513, 0.12376034, 0.04900685, 0.58005769]]), array([[0.06466006, 0.02459594, 0.02317102, 0.88757297],
       [0.05279776, 0.0869863 , 0.0306285 , 0.82958744],
       [0.20215812, 0.06791687, 0.12464961, 0.6052754 ],
       [0.04012628, 0.19976771, 0.16526275, 0.59484326]]), array([[0.04128094, 0.91787915, 0.00948032, 0.03135958],
       [0.00397051, 0.33009376, 0.6320474 , 0.03388833],
       [0.04189894, 0.14204796, 0.79323712, 0.02281598],
       [0.17001556, 0.6045048 , 0.13374786, 0.09173178]]), array([[4.43766300e-02, 7.33056853e-01, 1.61356791e-01, 6.12097258e-02],
       [1.89712782e-02, 2.28289501e-01, 7.52312545e-01, 4.26675476e-04],
       [1.95153240e-01, 2.47865333e-01, 2.90145006e-01, 2.66836422e-01],
       [2.22886222e-03, 6.53335410e-01, 3.17874921e-01, 2.65608074e-02]])]
Estimated R: [array([[0.63071913, 0.29264254, 0.0990109 , 0.47986904],
       [0.06469565, 0.43521554, 0.31925826, 0.09734794],
       [0.2957497 , 0.24972974, 0.57558433, 0.39254205],
       [0.00883552, 0.02241219, 0.0061465 , 0.03024097]]), array([[0.31274148, 0.22456252, 0.05888733, 0.59073661],
       [0.11425645, 0.4745063 , 0.37343063, 0.1180354 ],
       [0.56660652, 0.272438  , 0.56564855, 0.24616492],
       [0.00639555, 0.02849318, 0.00203349, 0.04506308]]), array([[0.01355304, 0.05221747, 0.52686238, 0.62201776],
       [0.19720353, 0.07862411, 0.41138082, 0.32571359],
       [0.75539561, 0.84126276, 0.02578809, 0.03054231],
       [0.03384781, 0.02789566, 0.03596871, 0.02172634]]), array([[0.04824742, 0.27032314, 0.42718869, 0.46942817],
       [0.22864402, 0.13094085, 0.22086321, 0.42906575],
       [0.71482478, 0.5892457 , 0.29102215, 0.0285105 ],
       [0.00828377, 0.00949031, 0.06092595, 0.07299558]]), array([[4.90369951e-01, 3.88878562e-02, 6.84796519e-01, 5.04294003e-02],
       [2.49925409e-02, 7.65050093e-01, 1.43758917e-01, 1.57247929e-02],
       [4.84106162e-01, 1.84913142e-01, 1.37057908e-01, 8.83084380e-01],
       [5.31346319e-04, 1.11489091e-02, 3.43866560e-02, 5.07614264e-02]]), array([[0.59187678, 0.0256377 , 0.84605258, 0.02621487],
       [0.12439231, 0.26952138, 0.05678595, 0.4609022 ],
       [0.27774983, 0.69059792, 0.03814896, 0.49031668],
       [0.00598107, 0.014243  , 0.05901251, 0.02256626]]), array([[0.33757205, 0.00593843, 0.79668209, 0.00663819],
       [0.5731911 , 0.01952757, 0.11920538, 0.59147143],
       [0.06401864, 0.89395214, 0.03454855, 0.34045501],
       [0.02521821, 0.08058186, 0.04956397, 0.06143537]]), array([[0.74857699, 0.41790225, 0.16734653, 0.02441453],
       [0.05045809, 0.40521101, 0.61444115, 0.10452093],
       [0.1801942 , 0.15037816, 0.13470881, 0.867009  ],
       [0.02077073, 0.02650859, 0.08350351, 0.00405554]]), array([[8.88471118e-01, 4.72070185e-02, 5.72855306e-02, 6.19114336e-01],
       [3.15575312e-02, 1.14569968e-02, 5.49022095e-01, 3.34094016e-01],
       [7.80261835e-02, 9.22229293e-01, 3.82838156e-01, 4.32795784e-05],
       [1.94516754e-03, 1.91066919e-02, 1.08542186e-02, 4.67483681e-02]]), array([[7.30790328e-01, 7.15291682e-02, 1.70705608e-02, 5.89322359e-01],
       [2.59997166e-01, 2.30201905e-01, 2.89129275e-01, 3.47208560e-01],
       [7.18165742e-04, 6.71377331e-01, 6.69698339e-01, 6.32673175e-02],
       [8.49433996e-03, 2.68915958e-02, 2.41018244e-02, 2.01763695e-04]])]

Total NMI: [[0.39999999999999997, 0.39999999999999997, 0.6666666666666666, 0.2693558349079911, 0.3437110184854508, 0.3437110184854508, 0.15106563978903276, 0.2693558349079911, 1.0, 0.7020168761809934, 0.7020168761809934, 0.6666666666666666, 0.6666666666666666, 0.6666666666666666, 0.8571428571428571, 0.8571428571428571, 0.6666666666666666, 0.2693558349079911, 0.2693558349079911, 0.7999999999999999, 0.39999999999999997, 0.6666666666666666, 0.6666666666666666, 0.2693558349079911, 0.3437110184854508, 0.6666666666666666, 0.5771596324111234, 0.2693558349079911, 1.0, 0.6666666666666666, 1.0, 0.7999999999999999, 0.39999999999999997, 1.0, 0.6666666666666666, 0.2693558349079911, 0.2693558349079911, 0.6666666666666666, 0.7020168761809934, 0.3437110184854508, 0.0, 0.39999999999999997, 0.7020168761809934, 1.0, 0.7020168761809934, 0.39999999999999997, 0.39999999999999997, 0.0, 0.0, 0.7020168761809934], [0.3437110184854508, 0.15106563978903276, 0.2693558349079911, 0.6666666666666666, 0.6666666666666666, 0.6666666666666666, 0.7020168761809934, 1.0, 0.15106563978903276, 0.3437110184854508, 0.39999999999999997, 0.39999999999999997, 0.7999999999999999, 0.8571428571428571, 0.8571428571428571, 0.39999999999999997, 0.7999999999999999, 0.7020168761809934, 0.2693558349079911, 0.2693558349079911, 0.7020168761809934, 0.6666666666666666, 0.6666666666666666, 0.6666666666666666, 0.39999999999999997, 0.7999999999999999, 0.7020168761809934, 0.7020168761809934, 0.7020168761809934, 0.15106563978903276, 1.0, 0.2693558349079911, 1.0, 1.0, 0.7020168761809934, 1.0, 1.0, 0.3437110184854508, 0.39999999999999997, 1.0, 0.7020168761809934, 0.7020168761809934, 0.8571428571428571, 1.0, 0.8571428571428571, 0.6666666666666666, 0.6666666666666666, 1.0, 0.6666666666666666, 0.6666666666666666], [0.2693558349079911, 0.7020168761809934, 0.2693558349079911, 0.7020168761809934, 0.7020168761809934, 0.7020168761809934, 0.7020168761809934, 0.7999999999999999, 0.39999999999999997, 0.6666666666666666, 0.6666666666666666, 0.39999999999999997, 0.3437110184854508, 0.2693558349079911, 0.8571428571428571, 0.5771596324111234, 0.7020168761809934, 0.6666666666666666, 0.8571428571428571, 0.5771596324111234, 0.5771596324111234, 1.0, 0.8571428571428571, 1.0, 1.0, 0.8571428571428571, 1.0, 0.8571428571428571, 0.2693558349079911, 0.5771596324111234, 1.0, 0.8571428571428571, 0.6666666666666666, 0.6666666666666666, 0.8571428571428571, 1.0, 0.8571428571428571, 1.0, 0.8571428571428571, 0.8571428571428571, 0.8571428571428571, 1.0, 0.8571428571428571, 0.2693558349079911, 0.3437110184854508, 0.7999999999999999, 0.8571428571428571, 0.8571428571428571, 0.6666666666666666, 0.6666666666666666], [0.3437110184854508, 0.3437110184854508, 0.7999999999999999, 0.39999999999999997, 0.3437110184854508, 0.7020168761809934, 0.7020168761809934, 0.7020168761809934, 1.0, 0.6666666666666666, 0.6666666666666666, 1.0, 0.6666666666666666, 0.6666666666666666, 0.6666666666666666, 0.8571428571428571, 0.5771596324111234, 0.5771596324111234, 1.0, 0.8571428571428571, 0.7020168761809934, 0.3437110184854508, 0.39999999999999997, 0.6666666666666666, 0.6666666666666666, 0.6666666666666666, 1.0, 0.8571428571428571, 0.8571428571428571, 0.8571428571428571, 0.8571428571428571, 0.6666666666666666, 0.7020168761809934, 0.2693558349079911, 0.6666666666666666, 1.0, 0.39999999999999997, 0.39999999999999997, 0.6666666666666666, 0.7020168761809934, 0.7020168761809934, 0.7999999999999999, 0.39999999999999997, 0.6666666666666666, 0.6666666666666666, 0.8571428571428571, 0.8571428571428571, 0.8571428571428571, 1.0, 0.8571428571428571], [0.39999999999999997, 0.39999999999999997, 0.6666666666666666, 0.6666666666666666, 0.39999999999999997, 0.0, 0.39999999999999997, 0.8571428571428571, 0.8571428571428571, 0.6666666666666666, 0.8571428571428571, 0.8571428571428571, 0.6666666666666666, 0.6666666666666666, 0.6666666666666666, 0.6666666666666666, 0.8571428571428571, 0.8571428571428571, 0.7020168761809934, 0.7020168761809934, 0.8571428571428571, 1.0, 0.8571428571428571, 0.2693558349079911, 0.5771596324111234, 1.0, 1.0, 0.5771596324111234, 0.7020168761809934, 1.0, 1.0, 0.6666666666666666, 0.6666666666666666, 0.6666666666666666, 0.6666666666666666, 1.0, 1.0, 0.6666666666666666, 1.0, 1.0, 0.6666666666666666, 0.6666666666666666, 0.6666666666666666, 0.6666666666666666, 0.6666666666666666, 0.6666666666666666, 1.0, 1.0, 1.0, 0.6666666666666666], [0.8571428571428571, 0.8571428571428571, 0.8571428571428571, 0.7020168761809934, 0.2693558349079911, 0.8571428571428571, 0.8571428571428571, 1.0, 0.6666666666666666, 0.6666666666666666, 1.0, 0.6666666666666666, 0.6666666666666666, 0.6666666666666666, 0.6666666666666666, 0.6666666666666666, 0.7020168761809934, 0.7020168761809934, 0.6666666666666666, 0.7020168761809934, 0.15106563978903276, 0.15106563978903276, 0.7020168761809934, 0.7020168761809934, 0.7020168761809934, 0.7020168761809934, 0.5771596324111234, 0.8571428571428571, 0.6666666666666666, 0.39999999999999997, 0.3437110184854508, 0.7020168761809934, 0.7020168761809934, 0.7020168761809934, 1.0, 0.6666666666666666, 1.0, 0.6666666666666666, 0.8571428571428571, 0.8571428571428571, 1.0, 1.0, 1.0, 0.7020168761809934, 0.5771596324111234, 0.8571428571428571, 1.0, 1.0, 0.6666666666666666, 0.6666666666666666], [0.7999999999999999, 0.7999999999999999, 0.7020168761809934, 0.2693558349079911, 1.0, 1.0, 0.6666666666666666, 0.6666666666666666, 0.7999999999999999, 0.7999999999999999, 1.0, 1.0, 1.0, 1.0, 0.6666666666666666, 0.6666666666666666, 0.6666666666666666, 0.6666666666666666, 0.8571428571428571, 0.8571428571428571, 0.7999999999999999, 0.39999999999999997, 0.6666666666666666, 1.0, 1.0, 1.0, 0.7999999999999999, 1.0, 0.39999999999999997, 1.0, 0.6666666666666666, 0.6666666666666666, 0.6666666666666666, 0.6666666666666666, 0.6666666666666666, 0.6666666666666666, 0.8571428571428571, 0.8571428571428571, 0.6666666666666666, 0.6666666666666666, 0.6666666666666666, 0.39999999999999997, 0.7999999999999999, 0.8571428571428571, 0.8571428571428571, 0.6666666666666666, 0.6666666666666666, 1.0, 1.0, 0.7020168761809934], [0.7020168761809934, 0.7020168761809934, 0.6666666666666666, 0.6666666666666666, 0.2693558349079911, 0.0, 0.0, 0.2693558349079911, 0.7020168761809934, 0.7020168761809934, 0.7020168761809934, 0.6666666666666666, 0.6666666666666666, 1.0, 0.7999999999999999, 0.39999999999999997, 0.6666666666666666, 0.7020168761809934, 0.7020168761809934, 1.0, 0.7020168761809934, 0.7020168761809934, 1.0, 0.7999999999999999, 0.39999999999999997, 0.6666666666666666, 0.7020168761809934, 0.7020168761809934, 0.7020168761809934, 0.7020168761809934, 0.6666666666666666, 0.6666666666666666, 0.7020168761809934, 0.7020168761809934, 1.0, 0.7020168761809934, 1.0, 0.7020168761809934, 0.7020168761809934, 0.7020168761809934, 1.0, 1.0, 0.7020168761809934, 0.3437110184854508, 0.7999999999999999, 0.6666666666666666, 0.2693558349079911, 0.15106563978903276, 1.0, 0.7020168761809934], [0.7999999999999999, 1.0, 0.7999999999999999, 0.7020168761809934, 0.15106563978903276, 0.7020168761809934, 0.6666666666666666, 0.6666666666666666, 1.0, 0.6666666666666666, 1.0, 0.6666666666666666, 1.0, 0.8571428571428571, 0.8571428571428571, 0.6666666666666666, 0.6666666666666666, 0.6666666666666666, 0.6666666666666666, 0.6666666666666666, 0.6666666666666666, 1.0, 1.0, 0.6666666666666666, 0.6666666666666666, 1.0, 0.6666666666666666, 1.0, 0.6666666666666666, 0.6666666666666666, 1.0, 1.0, 0.6666666666666666, 1.0, 0.6666666666666666, 0.6666666666666666, 1.0, 1.0, 0.6666666666666666, 1.0, 0.6666666666666666, 1.0, 1.0, 1.0, 1.0, 0.6666666666666666, 0.7020168761809934, 0.7020168761809934, 0.6666666666666666, 0.6666666666666666], [0.6666666666666666, 0.6666666666666666, 0.39999999999999997, 1.0, 0.3437110184854508, 0.3437110184854508, 0.3437110184854508, 0.7020168761809934, 0.8571428571428571, 0.8571428571428571, 0.6666666666666666, 1.0, 0.8571428571428571, 0.8571428571428571, 0.6666666666666666, 0.8571428571428571, 0.8571428571428571, 0.8571428571428571, 0.6666666666666666, 0.3437110184854508, 0.7020168761809934, 0.8571428571428571, 0.8571428571428571, 1.0, 1.0, 0.7999999999999999, 1.0, 0.3437110184854508, 0.7020168761809934, 1.0, 0.8571428571428571, 0.8571428571428571, 0.6666666666666666, 0.6666666666666666, 0.6666666666666666, 0.6666666666666666, 1.0, 0.8571428571428571, 1.0, 0.8571428571428571, 0.6666666666666666, 0.6666666666666666, 0.6666666666666666, 0.7020168761809934, 0.7020168761809934, 1.0, 1.0, 0.6666666666666666, 0.6666666666666666, 0.6666666666666666]]
Total Percentage: [[25.0, 50.0, 50.0, 25.0, 75.0, 50.0, 50.0, 25.0, 75.0, 50.0, 50.0, 25.0, 75.0, 50.0, 25.0, 25.0, 50.0, 50.0, 50.0, 75.0, 25.0, 0.0, 0.0, 50.0, 50.0, 25.0, 0.0, 25.0, 50.0, 50.0, 100.0, 75.0, 25.0, 50.0, 50.0, 25.0, 25.0, 25.0, 25.0, 50.0, 50.0, 50.0, 50.0, 75.0, 75.0, 25.0, 25.0, 50.0, 75.0, 25.0], [25.0, 0.0, 50.0, 0.0, 75.0, 25.0, 0.0, 75.0, 0.0, 25.0, 50.0, 50.0, 0.0, 0.0, 0.0, 0.0, 75.0, 75.0, 50.0, 25.0, 0.0, 50.0, 50.0, 50.0, 50.0, 75.0, 50.0, 75.0, 75.0, 50.0, 75.0, 25.0, 0.0, 75.0, 50.0, 75.0, 100.0, 75.0, 50.0, 75.0, 75.0, 0.0, 25.0, 50.0, 75.0, 50.0, 50.0, 100.0, 50.0, 50.0], [50.0, 25.0, 25.0, 50.0, 75.0, 50.0, 50.0, 75.0, 25.0, 50.0, 50.0, 25.0, 75.0, 25.0, 75.0, 25.0, 75.0, 50.0, 75.0, 50.0, 25.0, 50.0, 75.0, 100.0, 50.0, 75.0, 50.0, 75.0, 50.0, 50.0, 50.0, 75.0, 50.0, 50.0, 75.0, 100.0, 75.0, 50.0, 75.0, 75.0, 75.0, 100.0, 75.0, 25.0, 50.0, 25.0, 75.0, 75.0, 75.0, 75.0], [75.0, 50.0, 75.0, 25.0, 50.0, 75.0, 75.0, 50.0, 75.0, 25.0, 25.0, 0.0, 50.0, 50.0, 0.0, 75.0, 50.0, 25.0, 50.0, 50.0, 50.0, 75.0, 25.0, 25.0, 50.0, 75.0, 50.0, 25.0, 50.0, 25.0, 25.0, 25.0, 50.0, 25.0, 50.0, 75.0, 50.0, 25.0, 25.0, 25.0, 50.0, 75.0, 50.0, 50.0, 50.0, 50.0, 75.0, 75.0, 100.0, 50.0], [50.0, 50.0, 50.0, 25.0, 25.0, 50.0, 50.0, 50.0, 75.0, 50.0, 75.0, 75.0, 0.0, 50.0, 75.0, 50.0, 75.0, 50.0, 0.0, 0.0, 50.0, 100.0, 75.0, 50.0, 25.0, 100.0, 100.0, 50.0, 50.0, 75.0, 75.0, 75.0, 50.0, 75.0, 75.0, 100.0, 100.0, 50.0, 75.0, 100.0, 50.0, 50.0, 75.0, 50.0, 75.0, 75.0, 100.0, 75.0, 75.0, 75.0], [50.0, 50.0, 50.0, 50.0, 0.0, 75.0, 75.0, 0.0, 25.0, 50.0, 100.0, 75.0, 50.0, 50.0, 50.0, 50.0, 50.0, 75.0, 50.0, 0.0, 0.0, 25.0, 75.0, 75.0, 75.0, 75.0, 25.0, 75.0, 25.0, 50.0, 25.0, 0.0, 75.0, 75.0, 100.0, 25.0, 25.0, 25.0, 75.0, 25.0, 75.0, 0.0, 0.0, 25.0, 25.0, 75.0, 0.0, 100.0, 75.0, 25.0], [25.0, 75.0, 50.0, 50.0, 100.0, 50.0, 75.0, 50.0, 50.0, 50.0, 75.0, 100.0, 50.0, 50.0, 50.0, 50.0, 50.0, 75.0, 75.0, 50.0, 75.0, 50.0, 25.0, 75.0, 75.0, 50.0, 75.0, 50.0, 50.0, 75.0, 50.0, 25.0, 25.0, 50.0, 75.0, 50.0, 50.0, 75.0, 75.0, 50.0, 75.0, 25.0, 75.0, 75.0, 25.0, 50.0, 50.0, 100.0, 75.0, 25.0], [50.0, 50.0, 25.0, 25.0, 50.0, 75.0, 25.0, 50.0, 50.0, 75.0, 50.0, 25.0, 25.0, 75.0, 75.0, 50.0, 25.0, 50.0, 50.0, 75.0, 75.0, 75.0, 100.0, 50.0, 25.0, 50.0, 50.0, 75.0, 75.0, 50.0, 75.0, 50.0, 75.0, 75.0, 50.0, 50.0, 75.0, 50.0, 50.0, 50.0, 75.0, 100.0, 50.0, 75.0, 75.0, 50.0, 25.0, 25.0, 100.0, 50.0], [75.0, 50.0, 75.0, 50.0, 0.0, 75.0, 25.0, 50.0, 75.0, 75.0, 100.0, 75.0, 100.0, 50.0, 50.0, 75.0, 75.0, 50.0, 75.0, 50.0, 75.0, 100.0, 100.0, 75.0, 75.0, 100.0, 75.0, 100.0, 75.0, 75.0, 100.0, 100.0, 75.0, 100.0, 75.0, 75.0, 75.0, 75.0, 75.0, 75.0, 50.0, 100.0, 100.0, 75.0, 100.0, 50.0, 50.0, 50.0, 50.0, 75.0], [50.0, 75.0, 25.0, 50.0, 75.0, 25.0, 0.0, 50.0, 75.0, 75.0, 50.0, 100.0, 75.0, 75.0, 75.0, 75.0, 75.0, 75.0, 50.0, 50.0, 25.0, 50.0, 75.0, 50.0, 50.0, 75.0, 50.0, 50.0, 50.0, 75.0, 75.0, 75.0, 75.0, 75.0, 75.0, 75.0, 50.0, 75.0, 50.0, 75.0, 75.0, 75.0, 75.0, 75.0, 75.0, 25.0, 75.0, 75.0, 25.0, 25.0]]
Total Delta Gamma: [1.56668971 1.68125247 1.52340556 1.66484028 1.7228226  1.52608713
 1.57805023 1.60253774 1.60969822 1.59379146]
Total Delta R: [0.96929456 1.22155368 1.02175263 1.1726254  0.74189006 1.5075712
 1.4146771  1.55720089 1.01891955 1.43348015]
