Complexity increased keeping gamma very unbalanced, and increasing K (K=5)
==================================================

N (neurons): 3
K (states): 5
T (time steps): 100000
Seed: None
Number of repetitions: 10

Initialization of parameters for HMM:
Pi: [1 0 0 0 0]
Gamma: [[0.8  0.05 0.05 0.05 0.05]
 [0.05 0.8  0.05 0.05 0.05]
 [0.05 0.05 0.8  0.05 0.05]
 [0.05 0.05 0.05 0.8  0.05]
 [0.05 0.05 0.05 0.05 0.8 ]]
R: [[0.5        0.         0.5        0.         0.33333333]
 [0.         0.5        0.5        0.         0.        ]
 [0.5        0.         0.         0.5        0.33333333]
 [0.         0.5        0.         0.5        0.33333333]]

Generated data:
Generated firings (y): [2 2 0 2 2 0 0 2 3 2 0 2 0 2 2 2 3 2 2 3 2 2 0 3 2 1 1 0 1 3 0 3 3 1 0 2 0
 2 0 2 3 3 3 3 3 2 0 2 0 0 0 3 2 2 0 2 2 2 0 3 0 3 0 3 2 1 1 2 2 2 3 2 2 2
 2 2 0 0 3 2 2 2 3 2 3 2 2 1 1 1 1 0 2 1 0 3 0 3 3 2]... (showing first 100 entries)
Generated states (z): [0 0 0 0 0 0 0 3 3 0 0 4 4 4 4 4 4 4 4 4 4 4 4 4 4 2 2 2 1 1 0 1 1 1 4 4 4
 4 4 4 4 3 3 3 3 4 4 4 4 4 4 4 4 4 4 3 4 4 4 4 4 4 4 4 4 2 2 4 4 4 4 3 3 3
 3 3 4 4 3 3 3 3 3 3 3 3 3 2 2 2 2 2 4 2 2 1 4 4 1 0]... (showing first 100 entries)

Estimated parameters:
Estimated Pi: [array([1.62059004e-61, 8.47488614e-11, 2.32520901e-03, 9.97674791e-01,
       5.83402700e-27]), array([1.88324102e-32, 1.29356341e-05, 3.91434167e-05, 9.99947921e-01,
       1.17437805e-17]), array([1.62670512e-24, 7.16321482e-08, 5.47074977e-36, 2.62959376e-16,
       9.99999928e-01]), array([1.16052949e-02, 8.93463206e-05, 9.88286980e-01, 1.30730551e-11,
       1.83789677e-05]), array([1.02319531e-12, 2.51882280e-15, 1.00000000e+00, 5.24305701e-24,
       2.58763794e-18]), array([2.75809824e-04, 2.90393123e-43, 9.99720238e-01, 3.95195929e-06,
       1.86866686e-15]), array([1.00000000e+00, 1.83862857e-33, 3.19138796e-10, 8.80684414e-18,
       3.85453297e-19]), array([4.96302268e-01, 2.35584078e-02, 4.80068937e-01, 7.03871267e-05,
       1.76251974e-11]), array([1.21335939e-11, 9.99918076e-01, 2.05405094e-13, 8.19237049e-05,
       1.20082557e-19]), array([9.99999998e-01, 1.81356861e-26, 1.88562049e-09, 9.74904296e-25,
       1.71102219e-41])]
Estimated Gamma: [array([[0.46819514, 0.014484  , 0.02281855, 0.01900482, 0.00462092],
       [0.212217  , 0.25821154, 0.44100682, 0.06477222, 0.07955793],
       [0.01673902, 0.3353418 , 0.04445194, 0.62134017, 0.29474573],
       [0.05365337, 0.34721204, 0.47755451, 0.22756434, 0.2345303 ],
       [0.24919548, 0.04475062, 0.01416818, 0.06731846, 0.38654512]]), array([[5.94481989e-01, 1.89439361e-01, 2.87618030e-02, 4.29405499e-03,
        2.95641649e-02],
       [3.37053129e-01, 1.25300453e-01, 1.85958208e-01, 2.89196374e-03,
        2.20341230e-01],
       [5.60231730e-03, 6.95220156e-02, 3.11557344e-01, 5.11755510e-01,
        1.54323118e-01],
       [9.05320975e-03, 2.95681117e-01, 3.17511322e-02, 4.80692909e-01,
        1.34238336e-01],
       [5.38093557e-02, 3.20057053e-01, 4.41971513e-01, 3.65562330e-04,
        4.61533151e-01]]), array([[0.37322363, 0.00193348, 0.46082409, 0.03888   , 0.05444179],
       [0.18912187, 0.1180649 , 0.01054365, 0.47837124, 0.16741916],
       [0.34902379, 0.05929699, 0.37472092, 0.13756707, 0.00293825],
       [0.00142852, 0.46617551, 0.14158993, 0.31680745, 0.06460412],
       [0.0872022 , 0.35452913, 0.01232141, 0.02837424, 0.71059668]]), array([[0.03014814, 0.32030659, 0.57773454, 0.03731844, 0.02028409],
       [0.32720428, 0.24084344, 0.22896623, 0.04022052, 0.14728916],
       [0.26241787, 0.3250052 , 0.13011982, 0.00981742, 0.25396659],
       [0.16471023, 0.02333934, 0.00822062, 0.42891558, 0.43028825],
       [0.21551948, 0.09050544, 0.05495879, 0.48372804, 0.14817191]]), array([[3.32292867e-01, 2.95994252e-01, 8.05849778e-02, 1.12596856e-02,
        1.29080150e-02],
       [7.92254626e-04, 6.14454402e-01, 9.34506906e-03, 3.06987164e-01,
        4.02727457e-02],
       [3.34329662e-01, 5.63680873e-03, 4.88492853e-01, 2.16537319e-01,
        9.34877949e-03],
       [3.32170805e-01, 3.06719699e-02, 2.98712495e-01, 1.01294335e-01,
        5.77872565e-02],
       [4.14411657e-04, 5.32425667e-02, 1.22864605e-01, 3.63921497e-01,
        8.79683203e-01]]), array([[3.54122046e-01, 1.91483991e-04, 1.02807592e-02, 1.01800607e-01,
        9.05149139e-02],
       [1.08197909e-01, 9.96300943e-01, 1.53394244e-01, 3.06740923e-01,
        5.46661608e-01],
       [9.03700790e-02, 3.32077378e-03, 7.53745960e-01, 7.65163255e-02,
        1.57148355e-01],
       [3.42688006e-01, 1.00471852e-04, 3.66614582e-02, 1.72320078e-01,
        2.80784618e-02],
       [1.04621960e-01, 8.63270162e-05, 4.59175785e-02, 3.42622067e-01,
        1.77596661e-01]]), array([[0.82285368, 0.01555826, 0.84619564, 0.18332293, 0.00768817],
       [0.01859215, 0.50216236, 0.08426786, 0.05834302, 0.0755589 ],
       [0.07960145, 0.15469564, 0.04477226, 0.44987846, 0.16870004],
       [0.06776705, 0.06759309, 0.01319261, 0.22208915, 0.45204959],
       [0.01118568, 0.25999066, 0.01157162, 0.08636644, 0.29600331]]), array([[0.05500754, 0.19535243, 0.00289319, 0.60920927, 0.12664939],
       [0.17663006, 0.03666583, 0.6067276 , 0.08850623, 0.05474286],
       [0.20932337, 0.43652645, 0.29621555, 0.04072016, 0.02521761],
       [0.32693716, 0.22948545, 0.07374006, 0.10015941, 0.25113409],
       [0.23210187, 0.10196984, 0.0204236 , 0.16140493, 0.54225604]]), array([[0.02374957, 0.12503573, 0.50476269, 0.03339681, 0.11358387],
       [0.32762048, 0.72452869, 0.02236352, 0.21066292, 0.01571436],
       [0.27198504, 0.0015687 , 0.43125434, 0.07392973, 0.12490726],
       [0.3659874 , 0.07611829, 0.01192654, 0.67442054, 0.06767203],
       [0.01065751, 0.07274858, 0.02969292, 0.00759   , 0.67812248]]), array([[0.58590765, 0.08240295, 0.49558939, 0.05956424, 0.01495225],
       [0.00685168, 0.42458526, 0.0445645 , 0.29308873, 0.13112975],
       [0.18916371, 0.080955  , 0.32875435, 0.03396064, 0.34958821],
       [0.06607559, 0.34959772, 0.00701572, 0.48720628, 0.00394965],
       [0.15200138, 0.06245906, 0.12407604, 0.1261801 , 0.50038015]])]
Estimated R: [array([[2.10331602e-01, 2.60070224e-01, 3.06078040e-01, 6.26553357e-02,
        8.20902592e-01],
       [5.34907426e-01, 2.59297245e-02, 3.71450132e-03, 1.10844796e-02,
        1.16634209e-01],
       [3.09433896e-05, 1.69974263e-01, 3.33272983e-01, 8.25525110e-01,
        1.61615423e-02],
       [2.54730029e-01, 5.44025789e-01, 3.56934475e-01, 1.00735074e-01,
        4.63016572e-02]]), array([[3.84433361e-01, 3.17876475e-01, 1.80373757e-01, 3.94672724e-01,
        2.95481134e-02],
       [5.15779891e-01, 4.10693750e-01, 9.86420767e-03, 4.67449082e-05,
        1.69203560e-02],
       [1.38168934e-04, 2.28555613e-01, 6.24205528e-01, 5.64507070e-01,
        5.37156128e-02],
       [9.96485789e-02, 4.28741623e-02, 1.85556507e-01, 4.07734610e-02,
        8.99815918e-01]]), array([[1.59844823e-01, 3.36810860e-01, 7.88055703e-02, 7.75559889e-01,
        2.93354361e-02],
       [3.26687858e-01, 3.05462910e-02, 7.47566630e-01, 2.66275142e-02,
        7.96148105e-06],
       [1.00857683e-02, 5.17004856e-01, 1.77285037e-03, 1.22061595e-01,
        5.45102751e-01],
       [5.03381551e-01, 1.15637993e-01, 1.71854950e-01, 7.57510018e-02,
        4.25553851e-01]]), array([[0.42894461, 0.55789821, 0.42422827, 0.00418139, 0.03477572],
       [0.11145804, 0.10139085, 0.12505175, 0.27288897, 0.34917247],
       [0.34597245, 0.25689116, 0.4234869 , 0.06707764, 0.30010899],
       [0.1136249 , 0.08381978, 0.02723308, 0.65585201, 0.31594281]]), array([[2.17938663e-01, 2.84531564e-03, 1.21926519e-01, 5.00270048e-01,
        6.05339961e-01],
       [9.29793908e-03, 5.62015405e-01, 9.62697995e-05, 4.59618435e-02,
        3.08564785e-01],
       [2.27314689e-01, 5.63387590e-02, 7.84469495e-01, 4.33217523e-02,
        8.58019936e-02],
       [5.45448709e-01, 3.78800521e-01, 9.35077158e-02, 4.10446357e-01,
        2.93260412e-04]]), array([[4.65716148e-01, 2.17349143e-03, 8.55165606e-02, 3.71499171e-01,
        4.87082732e-01],
       [2.71415559e-01, 5.70433480e-01, 1.60936481e-02, 4.48368045e-01,
        2.80942355e-01],
       [2.15596362e-01, 3.29484791e-05, 4.08754273e-01, 1.67632030e-01,
        5.62354619e-02],
       [4.72719307e-02, 4.27360080e-01, 4.89635518e-01, 1.25007536e-02,
        1.75739451e-01]]), array([[1.99945300e-01, 5.07407232e-01, 3.59920285e-01, 1.65718097e-01,
        2.24196263e-02],
       [1.48506074e-06, 4.09406212e-01, 1.65274251e-02, 6.24531464e-02,
        5.12651810e-01],
       [6.47473520e-01, 3.80450780e-03, 3.55645182e-01, 1.04436124e-01,
        8.79326440e-02],
       [1.52579695e-01, 7.93820482e-02, 2.67907107e-01, 6.67392633e-01,
        3.76995920e-01]]), array([[0.02512921, 0.50275096, 0.65036658, 0.1051106 , 0.01937594],
       [0.48143074, 0.1163575 , 0.03385567, 0.39733576, 0.03132839],
       [0.34041499, 0.32138608, 0.29396438, 0.21735334, 0.16845805],
       [0.15302506, 0.05950546, 0.02181338, 0.2802003 , 0.78083761]]), array([[0.2246424 , 0.21751212, 0.04420731, 0.23116747, 0.5513262 ],
       [0.10076202, 0.00067814, 0.46263743, 0.00075873, 0.42766583],
       [0.10773196, 0.60955902, 0.04860597, 0.44725257, 0.01793427],
       [0.56686362, 0.17225073, 0.44454928, 0.32082123, 0.00307371]]), array([[7.66111091e-02, 6.13123615e-02, 3.95072744e-01, 2.65250658e-02,
        7.14965384e-01],
       [2.35330490e-04, 5.35184054e-01, 1.62070852e-02, 3.77018769e-01,
        2.12325897e-01],
       [6.98978111e-01, 3.79855474e-02, 3.76880701e-01, 4.89418751e-02,
        2.91635485e-03],
       [2.24175449e-01, 3.65518037e-01, 2.11839469e-01, 5.47514290e-01,
        6.97923649e-02]])]

Total NMI: [[np.float64(0.2850205754065339), np.float64(0.28496719627711853), np.float64(0.3185833376079668), np.float64(0.31333025431495093), np.float64(0.32808639843791265), np.float64(0.3279802965889992), np.float64(0.33899825953988244), np.float64(0.3410515318880529), np.float64(0.3389316842240948), np.float64(0.33684423292303745), np.float64(0.3222464332268755), np.float64(0.3267068733891466), np.float64(0.3163287341834185), np.float64(0.32532283810041507), np.float64(0.3140862233038203)], [np.float64(0.27357737659426035), np.float64(0.2617425338669706), np.float64(0.2795314056472542), np.float64(0.2759100653143482), np.float64(0.2940512346071714), np.float64(0.30397930785700694), np.float64(0.31596538245499967), np.float64(0.32185749785629436), np.float64(0.32376740176412994), np.float64(0.33040873939751514), np.float64(0.32908676140210225), np.float64(0.3347396246340325), np.float64(0.33579759492611133), np.float64(0.3417430826153212), np.float64(0.33934275220473076)], [np.float64(0.2443094410996887), np.float64(0.2738613896965666), np.float64(0.3052951017132465), np.float64(0.32554085752862744), np.float64(0.3258942892763431), np.float64(0.3340721435869539), np.float64(0.33318821314997604), np.float64(0.3412654363886426), np.float64(0.34583288288719527), np.float64(0.35672857835342303), np.float64(0.35888133118333976), np.float64(0.36429948429203185), np.float64(0.36604263776544893), np.float64(0.36868200634242215), np.float64(0.3745019928494292)], [np.float64(0.12617068645669965), np.float64(0.2391325195696072), np.float64(0.3152398591472035), np.float64(0.25641117605991287), np.float64(0.2561520600893423), np.float64(0.2507543844496027), np.float64(0.24622350996121253), np.float64(0.23798621496669808), np.float64(0.2315160522790442), np.float64(0.22891334974012784), np.float64(0.23122278516495126), np.float64(0.229452511587692), np.float64(0.2331387035419858), np.float64(0.23173742021028054), np.float64(0.23322023069554976)], [np.float64(0.27910283160938626), np.float64(0.3020517701560164), np.float64(0.2874538032696256), np.float64(0.2968383292812888), np.float64(0.3035096040264055), np.float64(0.30972865079913103), np.float64(0.3137270398596807), np.float64(0.3170309116802899), np.float64(0.3160095656377041), np.float64(0.3164603957614451), np.float64(0.314847455238532), np.float64(0.32549883050141626), np.float64(0.33332570441886983), np.float64(0.3310748280776896), np.float64(0.3348538592765598)], [np.float64(0.2282810713396347), np.float64(0.25787756698910197), np.float64(0.2668699594045494), np.float64(0.27146825101125344), np.float64(0.29985460379184925), np.float64(0.3073641745340443), np.float64(0.337397375142952), np.float64(0.33864931475981086), np.float64(0.3564800274374367), np.float64(0.35108737010271296), np.float64(0.3667762588511891), np.float64(0.3585953456943199), np.float64(0.34483777458888765), np.float64(0.3634286914207197), np.float64(0.3017475914322847)], [np.float64(0.19788619732601298), np.float64(0.3317852832457709), np.float64(0.3513849144923603), np.float64(0.37158737017238536), np.float64(0.35693829280283496), np.float64(0.3604553195668551), np.float64(0.33021801280776714), np.float64(0.3300375548585621), np.float64(0.3125915225089757), np.float64(0.33315787816921577), np.float64(0.3148976129122762), np.float64(0.3445218623158957), np.float64(0.32668971033541905), np.float64(0.36449742115389233), np.float64(0.34270661195737306)], [np.float64(0.3136943875073946), np.float64(0.26262812118270634), np.float64(0.26956888319811423), np.float64(0.2545666513844201), np.float64(0.2532321222287528), np.float64(0.24542800413800087), np.float64(0.24660944571611443), np.float64(0.24041356977755207), np.float64(0.23719568383103726), np.float64(0.2379639951795127), np.float64(0.23834491943222252), np.float64(0.23880174737898938), np.float64(0.24182500302633528), np.float64(0.24425040904816908), np.float64(0.25157577597198993)], [np.float64(0.28167252831888523), np.float64(0.2563794616729752), np.float64(0.2574468907798355), np.float64(0.2595425945310542), np.float64(0.2559594721595963), np.float64(0.2661443349344728), np.float64(0.2639153002491326), np.float64(0.28189609570960233), np.float64(0.2807525336667016), np.float64(0.2992145466926066), np.float64(0.3042396461557264), np.float64(0.33303491408377733), np.float64(0.3434137996643531), np.float64(0.3785015218385408), np.float64(0.3711908701631076)], [np.float64(0.2303649712932536), np.float64(0.2775318956103044), np.float64(0.2824632204675779), np.float64(0.28253135880520225), np.float64(0.2786269973457658), np.float64(0.276520959287207), np.float64(0.275187949057241), np.float64(0.2747796633553935), np.float64(0.27767192259040374), np.float64(0.2886304792749636), np.float64(0.2933068612597395), np.float64(0.30779131605503074), np.float64(0.3165047848749214), np.float64(0.3383088156350155), np.float64(0.34685413297738615)]]
Total Percentage: [[np.float64(13.259000000000002), np.float64(18.013), np.float64(19.869), np.float64(20.487), np.float64(20.180999999999997), np.float64(20.497), np.float64(19.025), np.float64(20.183), np.float64(17.693), np.float64(19.091), np.float64(16.381), np.float64(17.775), np.float64(15.454), np.float64(17.377000000000002), np.float64(15.082)], [np.float64(17.279), np.float64(17.265), np.float64(19.814999999999998), np.float64(21.043), np.float64(20.841), np.float64(21.173000000000002), np.float64(20.307), np.float64(20.673), np.float64(19.558), np.float64(19.149), np.float64(18.533), np.float64(18.424), np.float64(17.819), np.float64(18.47), np.float64(17.805)], [np.float64(25.191000000000003), np.float64(25.558999999999997), np.float64(24.321), np.float64(22.369), np.float64(20.928), np.float64(20.251), np.float64(19.59), np.float64(19.665), np.float64(18.86), np.float64(19.329), np.float64(18.776), np.float64(19.344), np.float64(18.576999999999998), np.float64(18.925), np.float64(17.885)], [np.float64(22.558), np.float64(22.852), np.float64(17.524), np.float64(17.641000000000002), np.float64(16.789), np.float64(16.939999999999998), np.float64(16.953), np.float64(17.016000000000002), np.float64(17.144000000000002), np.float64(17.244), np.float64(17.34), np.float64(17.373), np.float64(17.277), np.float64(17.241999999999997), np.float64(16.875999999999998)], [np.float64(18.826), np.float64(20.991), np.float64(18.092), np.float64(17.892), np.float64(15.508), np.float64(15.827), np.float64(16.336000000000002), np.float64(16.729), np.float64(16.453), np.float64(16.916999999999998), np.float64(16.817999999999998), np.float64(19.419), np.float64(19.417), np.float64(21.862000000000002), np.float64(20.546)], [np.float64(31.330999999999996), np.float64(28.432000000000002), np.float64(31.279), np.float64(27.939000000000004), np.float64(29.052), np.float64(27.535999999999998), np.float64(29.413), np.float64(28.576), np.float64(30.026000000000003), np.float64(29.169), np.float64(29.224), np.float64(28.512999999999998), np.float64(26.240000000000002), np.float64(26.592), np.float64(19.509)], [np.float64(27.339000000000002), np.float64(19.393), np.float64(18.968), np.float64(20.139000000000003), np.float64(19.971), np.float64(20.971), np.float64(22.195), np.float64(22.767), np.float64(23.344), np.float64(23.433), np.float64(24.073), np.float64(24.071), np.float64(25.442999999999998), np.float64(25.023), np.float64(26.746)], [np.float64(17.651), np.float64(20.214), np.float64(23.138), np.float64(21.644), np.float64(20.137), np.float64(18.729000000000003), np.float64(17.635), np.float64(17.324), np.float64(17.375), np.float64(17.083000000000002), np.float64(17.142), np.float64(16.424), np.float64(16.281000000000002), np.float64(15.916), np.float64(15.369)], [np.float64(16.024), np.float64(16.442), np.float64(18.389), np.float64(16.121), np.float64(18.557000000000002), np.float64(15.278), np.float64(18.653), np.float64(14.158999999999999), np.float64(17.267), np.float64(13.428), np.float64(14.138), np.float64(11.228), np.float64(10.952), np.float64(10.754), np.float64(10.276)], [np.float64(27.904), np.float64(27.633999999999997), np.float64(26.079), np.float64(25.746000000000002), np.float64(26.805), np.float64(26.447), np.float64(27.522999999999996), np.float64(26.748), np.float64(27.482), np.float64(26.790999999999997), np.float64(27.075), np.float64(27.165), np.float64(27.805999999999997), np.float64(27.894999999999996), np.float64(26.678)]]
Total Delta Gamma: [1.80544688 1.67617746 1.61220097 1.92720706 1.39874558 1.17274724
 1.77203491 1.91021506 1.52022546 1.34748161]
Total Delta R: [1.38799139 1.27529663 1.30711254 1.15694659 1.29174044 1.17020627
 1.24203544 1.39200913 1.26472875 1.08709534]
