Complexity increased keeping gamma very unbalanced, and increasing K (K=6)
==================================================

N (neurons): 3
K (states): 6
T (time steps): 100000
Seed: None
Number of repetitions: 10

Initialization of parameters for HMM:
Pi: [1 0 0 0 0 0]
Gamma: [[0.75 0.05 0.05 0.05 0.05 0.05]
 [0.05 0.75 0.05 0.05 0.05 0.05]
 [0.05 0.05 0.75 0.05 0.05 0.05]
 [0.05 0.05 0.05 0.75 0.05 0.05]
 [0.05 0.05 0.05 0.05 0.75 0.05]
 [0.05 0.05 0.05 0.05 0.05 0.75]]
R: [[0.5        0.         0.5        0.         0.33333333 0.33333333]
 [0.         0.5        0.5        0.         0.         0.33333333]
 [0.5        0.         0.         0.5        0.33333333 0.        ]
 [0.         0.5        0.         0.5        0.33333333 0.33333333]]

Generated data:
Generated firings (y): [0 0 0 0 3 3 3 3 3 3 3 3 3 3 3 3 2 3 3 2 3 3 3 2 3 3 2 2 0 0 3 3 2 3 3 3 0
 0 0 3 0 3 0 0 3 0 0 0 0 0 3 3 0 0 3 0 0 0 0 0 2 3 1 3 1 0 3 0 2 3 3 1 3 3
 3 0 0 3 3 0 0 1 1 1 1 0 0 1 0 0 1 1 3 0 0 1 1 0 2 2]... (showing first 100 entries)
Generated states (z): [0 0 0 0 5 1 1 1 1 1 1 1 1 1 3 3 3 3 3 3 3 4 4 4 4 4 4 4 4 4 4 4 4 4 4 4 4
 2 2 4 4 4 4 4 4 2 2 2 2 2 1 4 4 4 4 0 0 0 0 0 3 1 1 1 1 4 4 4 4 1 1 1 1 1
 5 5 5 5 5 5 2 2 2 2 2 2 2 2 2 2 2 5 5 5 2 2 2 2 3 4]... (showing first 100 entries)

Estimated parameters:
Estimated Pi: [array([0.00960629, 0.06122362, 0.02981787, 0.44756781, 0.08070498,
       0.37107943]), array([0.07532207, 0.04813158, 0.05348563, 0.04419159, 0.37357411,
       0.40529501]), array([0.21289579, 0.00768868, 0.10462627, 0.00975344, 0.29227078,
       0.37276504]), array([0.04992932, 0.2582774 , 0.08443922, 0.01516927, 0.10432197,
       0.48786281]), array([0.12293265, 0.06179294, 0.4826799 , 0.18753179, 0.03994744,
       0.10511528]), array([0.12056358, 0.04335238, 0.4488694 , 0.24729346, 0.07903755,
       0.06088363]), array([0.06058975, 0.1916312 , 0.27318789, 0.18269171, 0.06577181,
       0.22612764]), array([0.26832533, 0.13327017, 0.22391981, 0.00713115, 0.27894084,
       0.0884127 ]), array([0.07670492, 0.02624275, 0.15402138, 0.02735746, 0.21456875,
       0.50110474]), array([0.03166944, 0.16048455, 0.04794869, 0.47949355, 0.05486646,
       0.22553731])]
Estimated Gamma: [array([[0.06939522, 0.34397272, 0.0708766 , 0.09275425, 0.26133507,
        0.16166614],
       [0.18253991, 0.17492849, 0.13590344, 0.02372409, 0.15471693,
        0.32818715],
       [0.07885923, 0.18959466, 0.14181348, 0.31948459, 0.20008929,
        0.07015876],
       [0.13911963, 0.04577885, 0.11459697, 0.59062713, 0.00159052,
        0.1082869 ],
       [0.1289706 , 0.21169528, 0.15417951, 0.42220922, 0.01291282,
        0.07003257],
       [0.0299026 , 0.13462901, 0.18415149, 0.05984174, 0.14222223,
        0.44925293]]), array([[0.01296753, 0.1982755 , 0.14777593, 0.29595389, 0.13867014,
        0.20635701],
       [0.01877631, 0.30606678, 0.044162  , 0.18459435, 0.01050481,
        0.43589576],
       [0.1393416 , 0.06495792, 0.07194281, 0.05504749, 0.44101144,
        0.22769876],
       [0.19233631, 0.11686275, 0.07713474, 0.31304228, 0.25086214,
        0.04976178],
       [0.29426463, 0.00854739, 0.18650114, 0.17695672, 0.27221725,
        0.06151287],
       [0.09125021, 0.01374902, 0.08004609, 0.13440575, 0.07801847,
        0.60253045]]), array([[0.28645304, 0.13578886, 0.22726727, 0.13041142, 0.13155875,
        0.08852065],
       [0.2407745 , 0.14934213, 0.31632228, 0.15890477, 0.02203814,
        0.11261817],
       [0.24645895, 0.12524909, 0.13072525, 0.16556237, 0.07249506,
        0.25950927],
       [0.10433236, 0.09344589, 0.16388996, 0.21833298, 0.2902969 ,
        0.12970191],
       [0.05668097, 0.06106962, 0.10964746, 0.20696133, 0.43577366,
        0.12986696],
       [0.16937839, 0.00709339, 0.13735257, 0.06384779, 0.19217214,
        0.43015573]]), array([[0.02318777, 0.11687569, 0.01545744, 0.50221048, 0.07580993,
        0.26645869],
       [0.16129912, 0.26826828, 0.09594971, 0.05558188, 0.13954954,
        0.27935147],
       [0.15023342, 0.18794741, 0.05323657, 0.08347304, 0.45377525,
        0.07133431],
       [0.16015275, 0.06284596, 0.16842753, 0.19519043, 0.29160053,
        0.1217828 ],
       [0.00839143, 0.37008084, 0.22671838, 0.14437817, 0.04130908,
        0.20912208],
       [0.13391241, 0.03118938, 0.24729906, 0.11494076, 0.37139994,
        0.10125845]]), array([[0.00315912, 0.07616712, 0.23656864, 0.12451608, 0.16060904,
        0.39898   ],
       [0.30865281, 0.26261979, 0.00529463, 0.15550046, 0.05962542,
        0.20830689],
       [0.15263482, 0.00901072, 0.5830743 , 0.04648638, 0.13935997,
        0.06943381],
       [0.05613536, 0.2241547 , 0.20726688, 0.27703795, 0.0897977 ,
        0.1456074 ],
       [0.01110165, 0.02219055, 0.02822129, 0.21854553, 0.57805783,
        0.14188315],
       [0.18247588, 0.18441936, 0.07321371, 0.21572507, 0.01432463,
        0.32984136]]), array([[0.1190326 , 0.09729587, 0.1089062 , 0.08182556, 0.39564977,
        0.19729001],
       [0.01279829, 0.08167199, 0.02536473, 0.42127728, 0.1572071 ,
        0.30168061],
       [0.06953218, 0.00074523, 0.62847533, 0.11602238, 0.00083944,
        0.18438543],
       [0.16943735, 0.15875231, 0.11610447, 0.41859304, 0.13016228,
        0.00695054],
       [0.11367604, 0.04537928, 0.1679282 , 0.19942111, 0.139024  ,
        0.33457138],
       [0.08401258, 0.0757911 , 0.05226046, 0.01423045, 0.21410803,
        0.55959738]]), array([[0.27321485, 0.16377031, 0.1116328 , 0.13769869, 0.20110411,
        0.11257923],
       [0.51305116, 0.18850872, 0.12629061, 0.02957849, 0.04943291,
        0.0931381 ],
       [0.22656582, 0.00115818, 0.2323051 , 0.02753177, 0.33831074,
        0.17412837],
       [0.01389693, 0.06017924, 0.10805869, 0.3311699 , 0.3501493 ,
        0.13654595],
       [0.04671226, 0.08591761, 0.1817781 , 0.29830213, 0.32536007,
        0.06192982],
       [0.11291282, 0.02647861, 0.02410507, 0.25041199, 0.04970296,
        0.53638855]]), array([[0.49112419, 0.13941592, 0.12894258, 0.14008273, 0.02144171,
        0.07899287],
       [0.0479517 , 0.02912188, 0.17317523, 0.42326264, 0.1690607 ,
        0.15742785],
       [0.04715502, 0.07782193, 0.17057613, 0.09773082, 0.3095263 ,
        0.29718979],
       [0.17129158, 0.06378505, 0.04784602, 0.30912886, 0.12209667,
        0.28585182],
       [0.08825432, 0.36126742, 0.05488625, 0.09387655, 0.27296021,
        0.12875525],
       [0.05493346, 0.12930911, 0.07015103, 0.01749443, 0.33210028,
        0.39601169]]), array([[0.31529528, 0.21645946, 0.10547006, 0.01765183, 0.3230001 ,
        0.02212328],
       [0.18109054, 0.09894305, 0.39434758, 0.06110266, 0.080246  ,
        0.18427017],
       [0.24703672, 0.03498365, 0.10946564, 0.06575177, 0.01663824,
        0.52612397],
       [0.19863392, 0.08917527, 0.02351107, 0.55004848, 0.03669012,
        0.10194114],
       [0.27828952, 0.05439084, 0.03444102, 0.07683515, 0.23628557,
        0.31975791],
       [0.05370025, 0.03935362, 0.11863342, 0.215299  , 0.11942815,
        0.45358556]]), array([[0.34280851, 0.13197661, 0.13151997, 0.04129762, 0.14149691,
        0.21090038],
       [0.14541092, 0.06841226, 0.11604403, 0.08694254, 0.55135604,
        0.03183421],
       [0.00375732, 0.02987642, 0.31044159, 0.07465435, 0.38557694,
        0.19569338],
       [0.25774792, 0.22278873, 0.16954143, 0.04246547, 0.05214324,
        0.25531321],
       [0.09305654, 0.1060474 , 0.36446503, 0.02724241, 0.18479167,
        0.22439694],
       [0.01987996, 0.13577842, 0.25329388, 0.0267517 , 0.45312826,
        0.11116777]])]
Estimated R: [array([[0.04905433, 0.02078447, 0.34099153, 0.35889096, 0.39014043,
        0.38360422],
       [0.28831175, 0.54290807, 0.04988657, 0.02636502, 0.03495025,
        0.4345501 ],
       [0.36986896, 0.13548315, 0.0868599 , 0.45048514, 0.14040557,
        0.02842375],
       [0.29276496, 0.30082431, 0.522262  , 0.16425888, 0.43450375,
        0.15342193]]), array([[0.24843375, 0.03148764, 0.23087705, 0.0305256 , 0.43321192,
        0.46644722],
       [0.20759371, 0.48679916, 0.03827087, 0.09816831, 0.01161487,
        0.44171141],
       [0.3683732 , 0.10661049, 0.62056855, 0.08660948, 0.39310013,
        0.01724504],
       [0.17559934, 0.37510272, 0.11028352, 0.78469661, 0.16207308,
        0.07459632]]), array([[0.20142942, 0.02755862, 0.48719205, 0.15064212, 0.03651425,
        0.64223979],
       [0.05116862, 0.39959747, 0.03783381, 0.48326339, 0.39880465,
        0.06272987],
       [0.14444184, 0.36074604, 0.33089008, 0.21106208, 0.09804168,
        0.27428546],
       [0.60296012, 0.21209787, 0.14408406, 0.15503241, 0.46663942,
        0.02074488]]), array([[0.29573375, 0.29303636, 0.39502062, 0.14135032, 0.21267367,
        0.37121704],
       [0.3209728 , 0.37809292, 0.01999226, 0.11072762, 0.20479619,
        0.29435298],
       [0.04088998, 0.09823139, 0.10461312, 0.4532422 , 0.37829246,
        0.1521073 ],
       [0.34240346, 0.23063933, 0.480374  , 0.29467986, 0.20423768,
        0.18232268]]), array([[0.18416894, 0.13869162, 0.60432574, 0.09954587, 0.25324748,
        0.27902598],
       [0.46181959, 0.15300642, 0.08508089, 0.09510659, 0.00906097,
        0.55158366],
       [0.26996806, 0.29041976, 0.27822736, 0.15013075, 0.27752061,
        0.10736048],
       [0.08404341, 0.4178822 , 0.03236602, 0.65521678, 0.46017095,
        0.06202988]]), array([[0.12251015, 0.09643172, 0.49827357, 0.17239558, 0.25616615,
        0.30262597],
       [0.2342564 , 0.17036884, 0.10442507, 0.1083287 , 0.19195559,
        0.38899446],
       [0.07499335, 0.10240937, 0.38046785, 0.22290204, 0.42020527,
        0.08640247],
       [0.5682401 , 0.63079007, 0.0168335 , 0.49637368, 0.13167299,
        0.2219771 ]]), array([[0.15422322, 0.1265709 , 0.36311551, 0.39167895, 0.35329645,
        0.16509795],
       [0.11057918, 0.04748947, 0.08728896, 0.36475839, 0.09157329,
        0.46515409],
       [0.62512851, 0.54123475, 0.32367129, 0.11984366, 0.08262884,
        0.01304456],
       [0.11006909, 0.28470487, 0.22592424, 0.123719  , 0.47250142,
        0.3567034 ]]), array([[0.38062585, 0.1538204 , 0.21785076, 0.13122134, 0.49028159,
        0.23895188],
       [0.58985759, 0.28982842, 0.08106533, 0.16293006, 0.01446269,
        0.2535353 ],
       [0.0151755 , 0.27854455, 0.12282809, 0.21254128, 0.24413935,
        0.33714082],
       [0.01434105, 0.27780663, 0.57825582, 0.49330732, 0.25111637,
        0.17037201]]), array([[0.1807013 , 0.24436277, 0.10623945, 0.07081055, 0.42560176,
        0.50705272],
       [0.27468595, 0.15355345, 0.62745292, 0.04473155, 0.06304933,
        0.25570634],
       [0.12554797, 0.26625966, 0.16210939, 0.44089776, 0.237486  ,
        0.13704093],
       [0.41906478, 0.33582411, 0.10419825, 0.44356014, 0.27386291,
        0.1002    ]]), array([[0.24358683, 0.79678419, 0.17240742, 0.56071889, 0.17178502,
        0.3038685 ],
       [0.07089394, 0.0009191 , 0.22166377, 0.08344403, 0.2621282 ,
        0.38527461],
       [0.43018977, 0.03364477, 0.1940202 , 0.11567429, 0.32828588,
        0.09948563],
       [0.25532946, 0.16865194, 0.41190861, 0.24016279, 0.23780091,
        0.21137126]])]

