Estimating the parameters from the real data (K=2) (z initialized through y and r)
==================================================

N (neurons): 805
K (states): 3
T (time steps): 10000
Seed: 12345
Number of repetitions: 10
Number of iterations: 100

Estimated parameters:
Estimated Pi: [array([0.50662496, 0.24957555, 0.24379949]), array([0.14911211, 0.42248417, 0.42840372]), array([0.31431206, 0.23218279, 0.45350514]), array([0.3614758 , 0.21115716, 0.42736704]), array([0.12067625, 0.47640877, 0.40291499]), array([0.30373721, 0.35756033, 0.33870246]), array([0.12681971, 0.41283587, 0.46034442]), array([0.30234983, 0.47574673, 0.22190344]), array([0.42341423, 0.36064785, 0.21593791]), array([0.20923449, 0.3271774 , 0.46358811])]
Estimated Gamma: [array([[0.02950614, 0.53129028, 0.43920358],
       [0.03121287, 0.25113578, 0.71765134],
       [0.29797107, 0.19285769, 0.50917124]]), array([[0.00133623, 0.47879811, 0.51986566],
       [0.01813854, 0.37270122, 0.60916023],
       [0.04726709, 0.12831881, 0.8244141 ]]), array([[0.42827679, 0.40497065, 0.16675255],
       [0.10738793, 0.14419279, 0.74841929],
       [0.22912889, 0.57142824, 0.19944287]]), array([[0.20895848, 0.30875622, 0.4822853 ],
       [0.69766328, 0.12647851, 0.1758582 ],
       [0.02879357, 0.3938911 , 0.57731533]]), array([[0.10588768, 0.54111474, 0.35299758],
       [0.12195149, 0.39978016, 0.47826835],
       [0.13043236, 0.86203175, 0.00753589]]), array([[0.19866883, 0.31970578, 0.48162539],
       [0.42769194, 0.42874087, 0.14356719],
       [0.41319666, 0.11466055, 0.47214279]]), array([[0.01214299, 0.26244853, 0.72540848],
       [0.0310304 , 0.06383397, 0.90513562],
       [0.1131816 , 0.41183247, 0.47498593]]), array([[0.40740579, 0.57804257, 0.01455163],
       [0.18846675, 0.43734822, 0.37418503],
       [0.40688841, 0.25982817, 0.33328342]]), array([[0.23690857, 0.0356832 , 0.72740823],
       [0.63362792, 0.10795792, 0.25841415],
       [0.35089702, 0.3577234 , 0.29137958]]), array([[0.00208942, 0.88113999, 0.11677059],
       [0.1302684 , 0.21124063, 0.65849097],
       [0.26376114, 0.05305739, 0.68318147]])]
Estimated R: [array([[8.35770174e-01, 8.36056583e-01, 7.41326540e-01],
       [4.80003248e-06, 8.03576895e-06, 2.15511640e-06],
       [4.68307037e-06, 3.53035122e-07, 5.78834334e-07],
       ...,
       [1.78386110e-03, 1.94163960e-03, 2.45605154e-03],
       [7.07569049e-06, 9.96079201e-07, 2.18676878e-06],
       [4.60734243e-03, 3.19610867e-05, 1.39660384e-02]]), array([[3.10511072e-01, 7.66901283e-01, 8.12164274e-01],
       [5.15121470e-05, 2.53642929e-06, 8.36931943e-07],
       [3.04412839e-06, 5.41411458e-06, 1.28670315e-06],
       ...,
       [8.58250559e-03, 4.60976963e-03, 1.26282859e-03],
       [3.55255496e-06, 7.52046839e-07, 1.32747308e-06],
       [5.33996361e-03, 2.94482898e-05, 1.09378711e-02]]), array([[6.39461277e-01, 8.47575674e-01, 8.07117826e-01],
       [1.64538209e-05, 2.28832434e-07, 8.16043916e-07],
       [9.80172129e-06, 7.67101853e-07, 9.09789299e-06],
       ...,
       [4.40092903e-03, 2.85662039e-03, 4.14616765e-04],
       [2.20624003e-07, 6.28860101e-07, 1.76458630e-06],
       [7.68828208e-03, 1.25329736e-03, 1.60912516e-02]]), array([[8.04927044e-01, 6.75328675e-01, 8.41013849e-01],
       [1.09010225e-05, 6.02871951e-06, 4.90091343e-06],
       [1.50815614e-05, 2.48739560e-06, 6.27103072e-07],
       ...,
       [2.30847817e-03, 3.19159147e-03, 1.47012174e-03],
       [1.63417002e-06, 1.52757247e-06, 4.99440261e-06],
       [1.43840406e-02, 7.52731258e-03, 5.10204302e-03]]), array([[4.33923120e-01, 8.74149322e-01, 7.59801773e-01],
       [5.56395093e-06, 5.83500181e-08, 6.03335808e-07],
       [5.32671690e-06, 3.29641213e-07, 1.53780263e-07],
       ...,
       [4.85898014e-03, 1.78655902e-03, 2.03208135e-03],
       [1.66388527e-05, 3.41080865e-06, 1.94360604e-06],
       [5.11096210e-02, 4.89287990e-05, 6.69019075e-03]]), array([[6.52012559e-01, 8.51729785e-01, 8.52573190e-01],
       [5.35895132e-07, 9.95715259e-06, 3.17976886e-06],
       [2.85727174e-06, 2.02094820e-06, 1.15586004e-05],
       ...,
       [4.21149505e-03, 1.10040222e-03, 1.05799934e-03],
       [3.32571880e-06, 4.02020063e-06, 8.65948464e-07],
       [1.23100984e-02, 1.56812553e-03, 9.70442252e-03]]), array([[4.94523381e-01, 6.86950091e-01, 8.66848745e-01],
       [5.03224602e-05, 5.34712775e-07, 2.47121454e-06],
       [3.64919512e-06, 2.19803619e-06, 2.18493718e-06],
       ...,
       [3.81135468e-03, 2.68120913e-03, 1.84909998e-03],
       [3.48739522e-07, 3.29428158e-06, 2.73612391e-06],
       [9.58527225e-03, 5.62685560e-04, 1.21620187e-02]]), array([[6.97628278e-01, 8.86122574e-01, 7.12621486e-01],
       [1.85787613e-06, 1.54457584e-06, 3.04893249e-06],
       [4.71508215e-06, 1.62554413e-06, 7.90785749e-07],
       ...,
       [1.86474195e-03, 2.23645658e-03, 2.41583812e-03],
       [1.95857408e-07, 3.81212523e-06, 2.33007170e-06],
       [5.03349534e-03, 2.76551196e-03, 2.26857129e-02]]), array([[7.60474878e-01, 7.19936503e-01, 8.30280351e-01],
       [9.32522353e-07, 8.22220367e-06, 4.35261933e-06],
       [4.55405787e-06, 5.08816622e-06, 5.03606763e-06],
       ...,
       [5.65859167e-04, 7.81794448e-03, 1.17586661e-03],
       [7.47393126e-07, 4.05263898e-06, 8.77317608e-07],
       [4.83178789e-03, 6.99170157e-03, 1.20243460e-02]]), array([[7.60802904e-01, 7.33430315e-01, 8.10044233e-01],
       [2.93783246e-06, 2.57043238e-07, 7.43743250e-07],
       [4.04198681e-06, 2.51997752e-06, 3.59525562e-06],
       ...,
       [2.74237372e-04, 5.52802170e-03, 1.35384708e-03],
       [9.39518250e-06, 1.59386609e-06, 2.68485754e-06],
       [1.46994095e-02, 1.82745576e-02, 2.44387837e-03]])]

