Complexity increased keeping gamma very unbalanced, and increasing K (K=4)
==================================================

N (neurons): 3
K (states): 4
T (time steps): 50000
Seed: None
Number of repetitions: 10

Initialization of parameters for HMM:
Pi: [1 0 0 0]
Gamma: [[0.85 0.05 0.05 0.05]
 [0.05 0.85 0.05 0.05]
 [0.05 0.05 0.85 0.05]
 [0.05 0.05 0.05 0.85]]
R: [[0.5 0.  0.5 0. ]
 [0.  0.5 0.5 0. ]
 [0.5 0.  0.  0.5]
 [0.  0.5 0.  0.5]]

Generated data:
Generated firings (y): [0 2 1 0 0 0 0 0 3 2 3 2 2 3 3 1 3 1 1 1 0 0 0 0 0 1 1 3 3 2 3 2 2 3 2 3 2
 2 2 2 3 2 2 2 2 0 2 0 0 2 2 2 3 3 2 0 2 0 0 1 0 0 1 0 1 0 1 1 1 0 0 0 1 0
 0 1 0 2 2 3 3 1 3 3 1 3 1 1 3 3 1 0 0 0 3 3 2 3 3 0]... (showing first 100 entries)
Generated states (z): [0 0 2 2 2 2 2 2 3 3 3 3 3 3 1 1 1 1 2 2 2 2 2 2 2 2 2 3 3 3 3 3 3 3 3 3 3
 3 3 3 3 3 3 3 0 0 0 0 0 3 3 3 3 3 0 0 0 0 2 2 2 2 2 2 2 2 2 2 2 2 2 2 2 2
 2 2 2 3 3 3 3 1 1 1 1 1 1 1 1 1 1 0 0 0 3 3 3 3 3 2]... (showing first 100 entries)

Estimated parameters:
Estimated Pi: [array([0.18246565, 0.56692708, 0.11644085, 0.13416642]), array([0.83384021, 0.07280981, 0.0715122 , 0.02183777]), array([0.18659722, 0.03575163, 0.26802   , 0.50963114]), array([0.05118834, 0.7733863 , 0.16892687, 0.00649848]), array([0.09850237, 0.02525415, 0.35884686, 0.51739663]), array([0.13064638, 0.00118782, 0.83528161, 0.03288419]), array([0.00434846, 0.73229871, 0.2435645 , 0.01978833]), array([0.26243285, 0.37780197, 0.23765336, 0.12211182]), array([0.3523431 , 0.4456268 , 0.07209912, 0.12993097]), array([0.01434504, 0.4898286 , 0.36342309, 0.13240327])]
Estimated Gamma: [array([[1.02959698e-01, 5.08410517e-04, 3.87639743e-01, 5.08892148e-01],
       [5.61087190e-02, 7.45821304e-01, 1.01933185e-01, 9.61367927e-02],
       [1.60218081e-01, 2.20738253e-01, 5.77075905e-01, 4.19677604e-02],
       [4.03960710e-01, 3.08417889e-01, 1.19075955e-01, 1.68545446e-01]]), array([[0.50445642, 0.17703087, 0.21378201, 0.1047307 ],
       [0.08449018, 0.76725823, 0.03351348, 0.11473811],
       [0.25275787, 0.02792732, 0.43307697, 0.28623785],
       [0.08648266, 0.13881704, 0.16353004, 0.61117025]]), array([[0.02280979, 0.58644481, 0.10952526, 0.28122014],
       [0.28332389, 0.5851127 , 0.08240436, 0.04915905],
       [0.14783626, 0.05873396, 0.53498069, 0.25844908],
       [0.14749984, 0.14187171, 0.26837087, 0.44225757]]), array([[0.58322264, 0.06977452, 0.23741956, 0.10958329],
       [0.10309029, 0.51381971, 0.26363494, 0.11945507],
       [0.45931732, 0.31868529, 0.10263543, 0.11936196],
       [0.32873315, 0.00831003, 0.66027348, 0.00268334]]), array([[0.43526458, 0.06263439, 0.39522931, 0.10687171],
       [0.05917716, 0.74589742, 0.03716448, 0.15776095],
       [0.1203505 , 0.23377507, 0.22980884, 0.41606559],
       [0.15158962, 0.24556666, 0.29417296, 0.30867076]]), array([[0.40216085, 0.2319596 , 0.18259034, 0.18328921],
       [0.38492889, 0.25428876, 0.12332562, 0.23745673],
       [0.17507439, 0.0171353 , 0.80109883, 0.00669148],
       [0.01292081, 0.15333592, 0.03221201, 0.80153127]]), array([[0.61333831, 0.17408421, 0.03804112, 0.17453636],
       [0.2265925 , 0.41548653, 0.28165543, 0.07626554],
       [0.00543535, 0.28507258, 0.54854473, 0.16094734],
       [0.07639838, 0.11635604, 0.14788032, 0.65936526]]), array([[0.1665645 , 0.11820505, 0.29037351, 0.42485694],
       [0.21612309, 0.05719194, 0.72433238, 0.00235259],
       [0.32478093, 0.25869668, 0.1807912 , 0.23573119],
       [0.54265259, 0.07193529, 0.14594757, 0.23946456]]), array([[0.23108332, 0.29644549, 0.19820549, 0.2742657 ],
       [0.55098813, 0.37556844, 0.05217824, 0.02126519],
       [0.08180164, 0.0209072 , 0.81390493, 0.08338623],
       [0.28958192, 0.28465587, 0.17938097, 0.24638125]]), array([[0.02491578, 0.21291231, 0.43653151, 0.3256404 ],
       [0.23208275, 0.61225676, 0.10775983, 0.04790067],
       [0.39502885, 0.38121931, 0.08543453, 0.13831731],
       [0.54181065, 0.05867961, 0.28741757, 0.11209217]])]
Estimated R: [array([[0.04722227, 0.48181839, 0.08973341, 0.06663005],
       [0.07958056, 0.40685933, 0.15223264, 0.13229912],
       [0.43984615, 0.06943854, 0.17437477, 0.73127959],
       [0.43335102, 0.04188374, 0.58365918, 0.06979124]]), array([[0.58422962, 0.32643038, 0.05844021, 0.03503685],
       [0.09954852, 0.51679211, 0.00163439, 0.1808533 ],
       [0.30068481, 0.00236287, 0.92741507, 0.09725171],
       [0.01553705, 0.15441463, 0.01251033, 0.68685815]]), array([[0.32507198, 0.059854  , 0.23186016, 0.49608955],
       [0.08211263, 0.62504804, 0.02796148, 0.01155155],
       [0.04019493, 0.01422249, 0.67428503, 0.34850202],
       [0.55262046, 0.30087547, 0.06589332, 0.14385688]]), array([[0.0390925 , 0.8453745 , 0.15139675, 0.01243466],
       [0.19963276, 0.11495755, 0.39644548, 0.36733725],
       [0.25279685, 0.02419443, 0.35052131, 0.50506369],
       [0.50847789, 0.01547351, 0.10163646, 0.1151644 ]]), array([[0.14934207, 0.01381249, 0.63960836, 0.43199919],
       [0.54642104, 0.21433023, 0.12197707, 0.21846767],
       [0.29092098, 0.35221364, 0.06055135, 0.19457823],
       [0.01331591, 0.41964364, 0.17786322, 0.1549549 ]]), array([[2.42319481e-01, 7.98454225e-02, 5.90846815e-01, 8.17922815e-03],
       [6.34594077e-01, 6.39667642e-01, 4.65608870e-02, 6.49049478e-02],
       [4.64758971e-02, 5.58201000e-02, 3.62141853e-01, 3.41219483e-01],
       [7.66105448e-02, 2.24666835e-01, 4.50445348e-04, 5.85696341e-01]]), array([[0.03186473, 0.53595719, 0.36579117, 0.04294697],
       [0.00110753, 0.07241732, 0.62171646, 0.23058143],
       [0.80014828, 0.27004292, 0.01008262, 0.06533863],
       [0.16687946, 0.12158257, 0.00240975, 0.66113296]]), array([[0.17181865, 0.45513192, 0.33779318, 0.13531377],
       [0.30511388, 0.16415936, 0.15987508, 0.31643203],
       [0.21849451, 0.29809402, 0.31125513, 0.2040988 ],
       [0.30457296, 0.0826147 , 0.19107661, 0.34415539]]), array([[0.30432266, 0.29020042, 0.25125271, 0.08354388],
       [0.11154294, 0.0153542 , 0.45897604, 0.12863022],
       [0.34630345, 0.52475272, 0.00207916, 0.50811677],
       [0.23783096, 0.16969267, 0.28769209, 0.27970913]]), array([[0.14858152, 0.37762559, 0.21721921, 0.13467257],
       [0.41054318, 0.05399542, 0.1814442 , 0.54948107],
       [0.21220983, 0.42574164, 0.11195163, 0.08542224],
       [0.22866547, 0.14263734, 0.48938497, 0.23042412]])]

