Estimating the parameters from the real data (K=2) (z initialized through y and r)
==================================================

N (neurons): 805
K (states): 3
T (time steps): 10000
Seed: 12345
Number of repetitions: 10
Number of iterations: 100

Estimated parameters:
Estimated Pi: [array([0.04139154, 0.50319654, 0.45541192]), array([0.50778769, 0.43115791, 0.06105439]), array([0.41198085, 0.1039552 , 0.48406395]), array([0.3630395 , 0.32062978, 0.31633073]), array([0.27345877, 0.44214539, 0.28439584]), array([0.31591016, 0.52212128, 0.16196856]), array([0.40548982, 0.23285935, 0.36165082]), array([0.43881494, 0.39791177, 0.16327329]), array([0.32302965, 0.38149511, 0.29547524]), array([0.31357856, 0.27140819, 0.41501325])]
Estimated Gamma: [array([[0.01116801, 0.10552201, 0.88330998],
       [0.05133894, 0.38135322, 0.56730785],
       [0.07174897, 0.04378399, 0.88446703]]), array([[0.00864875, 0.95574797, 0.03560328],
       [0.29970504, 0.57845934, 0.12183562],
       [0.32052167, 0.65304669, 0.02643163]]), array([[0.04643275, 0.00247341, 0.95109385],
       [0.24221518, 0.09484949, 0.66293533],
       [0.14067542, 0.06122849, 0.79809609]]), array([[0.32013386, 0.10677091, 0.57309523],
       [0.20571776, 0.04902944, 0.7452528 ],
       [0.74542629, 0.03031202, 0.22426169]]), array([[0.48813519, 0.37151576, 0.14034905],
       [0.24519189, 0.58735737, 0.16745073],
       [0.43471064, 0.456208  , 0.10908135]]), array([[0.06269494, 0.88401144, 0.05329362],
       [0.0520635 , 0.88625042, 0.06168608],
       [0.34208741, 0.59544065, 0.06247195]]), array([[0.65931496, 0.28351933, 0.05716571],
       [0.49765016, 0.26806047, 0.23428937],
       [0.34798161, 0.06309142, 0.58892698]]), array([[0.63254074, 0.10609954, 0.26135972],
       [0.39743843, 0.34871694, 0.25384463],
       [0.00995214, 0.91561351, 0.07443435]]), array([[0.14254949, 0.56289413, 0.29455638],
       [0.02889526, 0.484905  , 0.48619974],
       [0.0544807 , 0.56477883, 0.38074047]]), array([[0.61268176, 0.21676063, 0.1705576 ],
       [0.34656264, 0.12412142, 0.52931593],
       [0.25019244, 0.01214775, 0.73765981]])]
Estimated R: [array([[1.35079636e-01, 6.43941558e-01, 8.45202472e-01],
       [1.24665494e-05, 4.75669202e-06, 2.10728545e-07],
       [9.84046938e-06, 5.78925206e-06, 9.68965303e-07],
       ...,
       [8.50230836e-03, 3.11297835e-03, 1.58966049e-03],
       [4.95324309e-06, 5.26813230e-06, 8.28808400e-07],
       [7.85181030e-02, 6.19947991e-03, 3.13465993e-03]]), array([[7.29202047e-01, 8.84568233e-01, 1.87063039e-01],
       [3.95357519e-07, 3.60552192e-06, 2.81693876e-06],
       [9.23363786e-06, 2.29188980e-07, 6.93348819e-07],
       ...,
       [2.81358367e-03, 1.42864720e-03, 7.19591490e-03],
       [2.74333787e-08, 2.14340726e-07, 1.74968047e-05],
       [2.36065407e-02, 5.70237968e-04, 2.75268379e-02]]), array([[6.82149971e-01, 2.37112878e-01, 8.37823738e-01],
       [4.06159073e-06, 3.45107376e-05, 2.54337818e-07],
       [6.36402363e-06, 3.40344019e-06, 3.19488654e-06],
       ...,
       [4.45901427e-03, 1.85354993e-02, 7.64146364e-04],
       [3.05594119e-05, 1.88160605e-05, 4.70284162e-07],
       [6.25094111e-03, 3.20347444e-02, 7.13942388e-03]]), array([[8.28074163e-01, 6.92736013e-01, 7.47344628e-01],
       [1.40154565e-07, 2.36310594e-05, 7.56900822e-07],
       [2.51271570e-06, 1.66706404e-05, 3.76612495e-06],
       ...,
       [3.25787994e-03, 4.07884124e-03, 4.93749062e-04],
       [1.08761048e-06, 2.95455413e-05, 3.17744614e-08],
       [2.95309516e-03, 1.06191682e-03, 1.60249080e-02]]), array([[8.71487180e-01, 8.40402235e-01, 3.82991766e-01],
       [1.94689070e-06, 3.96592036e-07, 1.69459427e-05],
       [3.74143763e-07, 1.02702061e-06, 1.37891689e-06],
       ...,
       [4.12608886e-04, 1.14838822e-03, 9.82280564e-03],
       [3.94101026e-07, 1.81637845e-06, 4.05463903e-06],
       [1.29939107e-05, 1.14495794e-02, 1.91400339e-02]]), array([[4.31681837e-01, 8.48442256e-01, 2.80982283e-01],
       [5.52156471e-06, 2.87940842e-08, 3.67844159e-06],
       [1.71841915e-05, 1.24778180e-06, 1.68892351e-05],
       ...,
       [1.34947351e-03, 2.06969131e-03, 5.33570391e-03],
       [9.56315168e-06, 2.26861737e-07, 3.62828469e-07],
       [1.64461108e-04, 6.93783775e-03, 3.90131294e-02]]), array([[8.05022095e-01, 7.53789046e-01, 7.58380486e-01],
       [4.91756181e-06, 6.53583102e-06, 2.90346575e-06],
       [1.16885009e-05, 8.00697646e-07, 4.15455654e-06],
       ...,
       [1.75676722e-03, 3.77488017e-03, 1.82232711e-03],
       [9.62484139e-06, 8.72406847e-06, 2.86439376e-06],
       [7.65013883e-03, 4.28993289e-04, 1.91115586e-02]]), array([[8.30242059e-01, 7.71021744e-01, 7.19449488e-01],
       [1.32986899e-06, 5.03674003e-06, 1.25597332e-06],
       [5.60866832e-06, 3.67421364e-06, 2.31880337e-06],
       ...,
       [2.06805743e-04, 5.40088892e-03, 2.40505106e-04],
       [2.98984325e-06, 1.69082107e-06, 5.16122264e-06],
       [3.30022635e-03, 5.37752498e-03, 2.35290698e-02]]), array([[5.18070569e-01, 7.82056289e-01, 8.15099776e-01],
       [3.28055930e-06, 3.12989122e-06, 1.14276789e-06],
       [3.98983457e-05, 1.57078265e-06, 1.84620000e-06],
       ...,
       [9.13907679e-03, 3.05170992e-03, 4.05032893e-04],
       [2.24315693e-05, 1.37983227e-06, 1.01891862e-06],
       [5.27627582e-03, 1.40542519e-02, 2.09210998e-03]]), array([[8.37785484e-01, 5.07963226e-01, 7.97854901e-01],
       [4.48601519e-06, 9.89472264e-07, 2.25316634e-06],
       [8.11317517e-07, 2.10554534e-05, 7.63463408e-07],
       ...,
       [2.29759919e-03, 2.95024970e-03, 1.96189493e-03],
       [5.26832390e-07, 1.59157921e-05, 1.41482268e-07],
       [5.66850325e-03, 6.38302602e-04, 1.25757257e-02]])]

Nmi with generated data: [0.04150847019048659, 0.04220129741071188, 0.0369381861918231, 0.036096578025078256, 0.039882573892326426, 0.04038071446966331, 0.04399526416255703, 0.037254453171233944, 0.04018299338024849, 0.03855891463834838]