Estimating the parameters from the real data (K=2) (z initialized through y and r)
==================================================

N (neurons): 805
K (states): 7
T (time steps): 10000
Seed: 12345
Number of repetitions: 10
Number of iterations: 100

Estimated parameters:
Estimated Pi: [array([0.26604925, 0.05091356, 0.09274321, 0.1619422 , 0.07800898,
       0.23963413, 0.11070865]), array([0.04625363, 0.01226154, 0.17254856, 0.07335291, 0.23528911,
       0.20600946, 0.2542848 ]), array([0.33057108, 0.06011815, 0.1155093 , 0.13704974, 0.16261946,
       0.08518923, 0.10894303]), array([0.15727579, 0.1114681 , 0.16672832, 0.13070471, 0.18626659,
       0.17563451, 0.07192199]), array([0.11941497, 0.16282866, 0.06490446, 0.16047281, 0.24926305,
       0.05443676, 0.1886793 ]), array([0.09115449, 0.18369164, 0.11082221, 0.20840924, 0.11386004,
       0.14991888, 0.14214349]), array([0.17768646, 0.13617908, 0.19462196, 0.11322412, 0.19293092,
       0.16088056, 0.0244769 ]), array([0.02036563, 0.079168  , 0.22259751, 0.04651775, 0.18658552,
       0.13284592, 0.31191967]), array([0.18678778, 0.0049841 , 0.15993094, 0.24642237, 0.10972982,
       0.17987409, 0.1122709 ]), array([0.2822741 , 0.07265363, 0.11544685, 0.0554373 , 0.13982497,
       0.15684414, 0.177519  ])]
Estimated Gamma: [array([[0.188928  , 0.05048653, 0.08834518, 0.26010317, 0.19807189,
        0.17174612, 0.04231912],
       [0.2654645 , 0.03917151, 0.21474222, 0.02188464, 0.21852349,
        0.21031462, 0.02989903],
       [0.09948094, 0.00976495, 0.61331778, 0.02716276, 0.07664912,
        0.15768512, 0.01593933],
       [0.06369061, 0.25745874, 0.11062727, 0.09065847, 0.2015301 ,
        0.01573923, 0.26029558],
       [0.0768893 , 0.00085375, 0.20862565, 0.12217299, 0.43914868,
        0.09554434, 0.0567653 ],
       [0.3476992 , 0.04132315, 0.11620753, 0.02427921, 0.0921041 ,
        0.36223405, 0.01615274],
       [0.44589367, 0.04599546, 0.14268781, 0.12325605, 0.17611133,
        0.03324294, 0.03281274]]), array([[3.16700786e-02, 5.54503368e-03, 3.53389349e-01, 4.73339816e-02,
        3.62974685e-01, 5.19784170e-02, 1.47108456e-01],
       [1.36349639e-03, 1.37638260e-02, 3.53693321e-02, 4.58398635e-03,
        5.93468885e-01, 4.82186196e-02, 3.03231854e-01],
       [6.88947226e-04, 1.36168271e-02, 4.56045029e-01, 2.82187554e-04,
        3.62155589e-01, 7.76364307e-02, 8.95749888e-02],
       [5.78761156e-02, 4.13140015e-02, 1.03079471e-01, 2.23603640e-02,
        6.81291499e-01, 4.46945500e-02, 4.93839984e-02],
       [6.42223026e-04, 1.31161966e-02, 1.12620590e-01, 7.38709644e-03,
        4.43561081e-01, 1.56158823e-02, 4.07056930e-01],
       [2.55402141e-03, 3.52450948e-02, 2.35284204e-01, 1.17543234e-03,
        1.66842248e-01, 1.03890014e-02, 5.48509998e-01],
       [7.29726821e-03, 2.17248407e-02, 6.18850856e-02, 5.57050088e-03,
        5.60205174e-01, 2.69459850e-02, 3.16371146e-01]]), array([[0.22652241, 0.0536332 , 0.13984375, 0.18986895, 0.08283937,
        0.00855752, 0.29873479],
       [0.27968869, 0.02511683, 0.02601585, 0.06898002, 0.22129174,
        0.083579  , 0.29532787],
       [0.31774588, 0.04513385, 0.14697361, 0.22011357, 0.14575617,
        0.04772971, 0.0765472 ],
       [0.47827575, 0.0077576 , 0.05442131, 0.11284156, 0.04763561,
        0.10172608, 0.19734209],
       [0.11645261, 0.05122172, 0.02441099, 0.19905057, 0.17880737,
        0.06656825, 0.36348849],
       [0.52321558, 0.00069317, 0.04813464, 0.0582641 , 0.32601472,
        0.04031772, 0.00336007],
       [0.66789828, 0.04755599, 0.11575554, 0.09894194, 0.03213678,
        0.02477049, 0.01294098]]), array([[0.18266842, 0.14859042, 0.01268232, 0.22195995, 0.23597127,
        0.09982327, 0.09830436],
       [0.12142614, 0.09560667, 0.03664113, 0.12846385, 0.27845216,
        0.08147667, 0.25793338],
       [0.38280497, 0.02090958, 0.2531948 , 0.03231354, 0.19054164,
        0.03673076, 0.08350471],
       [0.29099361, 0.01128164, 0.25624638, 0.01533253, 0.20170089,
        0.20655224, 0.0178927 ],
       [0.01022378, 0.1361454 , 0.19094133, 0.03179127, 0.34209783,
        0.27213592, 0.01666446],
       [0.41078422, 0.1602413 , 0.22457357, 0.0656736 , 0.00799202,
        0.12049373, 0.01024156],
       [0.08580444, 0.39533223, 0.11331744, 0.00927634, 0.21420354,
        0.02869143, 0.15337459]]), array([[1.20105220e-02, 1.78325668e-01, 1.49603483e-02, 1.36774421e-02,
        7.41816925e-01, 5.09104288e-04, 3.86999900e-02],
       [2.40031671e-02, 1.42244614e-01, 4.10423910e-02, 6.73120156e-02,
        7.00013325e-01, 6.69125468e-03, 1.86932326e-02],
       [2.49169834e-02, 7.15332120e-04, 2.28336993e-02, 8.02790331e-02,
        8.63349181e-01, 6.35793098e-03, 1.54784025e-03],
       [3.85623889e-02, 1.31074670e-01, 1.61785955e-02, 1.12368125e-01,
        6.89708699e-01, 3.95030479e-03, 8.15721613e-03],
       [9.15012876e-02, 1.67929302e-01, 3.19053109e-03, 1.51602252e-01,
        4.69413796e-01, 1.82051001e-02, 9.81577305e-02],
       [1.47023000e-01, 3.83745276e-02, 1.17990858e-02, 3.83606290e-01,
        2.25568261e-02, 3.23367589e-02, 3.64303511e-01],
       [1.83219595e-02, 4.96409093e-01, 1.12402629e-02, 2.75930766e-03,
        4.31032826e-01, 2.28295431e-02, 1.74070088e-02]]), array([[0.46420915, 0.07976959, 0.06101656, 0.30651105, 0.01153428,
        0.02849438, 0.04846499],
       [0.00547797, 0.00292158, 0.07890657, 0.24325689, 0.1070797 ,
        0.1944413 , 0.367916  ],
       [0.10940817, 0.23433763, 0.15593025, 0.20297365, 0.09897589,
        0.10167372, 0.0967007 ],
       [0.07120937, 0.03454025, 0.29164607, 0.22252857, 0.07120007,
        0.18126881, 0.12760686],
       [0.14146464, 0.12656889, 0.20592812, 0.31092995, 0.11824396,
        0.01943111, 0.07743333],
       [0.33815159, 0.14443893, 0.05020457, 0.01357688, 0.17939408,
        0.16603557, 0.10819838],
       [0.21574544, 0.05893443, 0.1634752 , 0.38451341, 0.02873171,
        0.03434723, 0.11425257]]), array([[3.47813828e-01, 3.45677719e-02, 1.72326946e-01, 4.85920396e-02,
        3.40023452e-01, 5.39647286e-02, 2.71123363e-03],
       [5.99275421e-01, 2.28715336e-03, 1.31047788e-01, 5.86382021e-02,
        1.34811648e-01, 7.20621754e-02, 1.87761167e-03],
       [5.89197237e-01, 1.14490484e-01, 2.16863218e-01, 2.64415573e-02,
        2.71500092e-02, 2.56408516e-02, 2.16643506e-04],
       [6.07226054e-01, 2.06981792e-02, 1.94364887e-01, 2.71531235e-02,
        9.69088619e-02, 5.02632881e-02, 3.38560646e-03],
       [3.24583315e-01, 3.41932620e-02, 3.04998140e-01, 7.75297830e-02,
        9.58494737e-02, 1.60126290e-01, 2.71973707e-03],
       [2.61982254e-01, 1.28323113e-01, 1.90511916e-01, 1.46665627e-01,
        1.62102361e-01, 1.09949005e-01, 4.65724411e-04],
       [5.05320699e-03, 8.46543614e-03, 2.09316622e-02, 1.37874769e-01,
        2.06331253e-01, 6.20098067e-01, 1.24560596e-03]]), array([[0.00136615, 0.01330239, 0.03192548, 0.03924045, 0.4669527 ,
        0.06123285, 0.38598   ],
       [0.07587673, 0.00456209, 0.29735087, 0.01022026, 0.12190947,
        0.04219212, 0.44788845],
       [0.21167307, 0.03611546, 0.12232849, 0.0776778 , 0.07028436,
        0.29477129, 0.18714953],
       [0.20933223, 0.02977525, 0.16489372, 0.00940384, 0.14988372,
        0.41773435, 0.01897689],
       [0.26933204, 0.00717982, 0.11428861, 0.0032019 , 0.18510392,
        0.17380056, 0.24709315],
       [0.05476951, 0.06650235, 0.31120152, 0.00554022, 0.30122785,
        0.13312155, 0.12763701],
       [0.04824232, 0.01121824, 0.40634983, 0.00863833, 0.44244505,
        0.03473997, 0.04836625]]), array([[0.33507656, 0.0008175 , 0.19276252, 0.09186034, 0.08858707,
        0.09416664, 0.19672937],
       [0.0228984 , 0.00238554, 0.02677186, 0.35854884, 0.01911364,
        0.0114738 , 0.55880792],
       [0.37069124, 0.00372071, 0.01349235, 0.22942758, 0.0022961 ,
        0.14486203, 0.23550998],
       [0.07338498, 0.00233153, 0.09617838, 0.03303169, 0.02382807,
        0.03206764, 0.73917772],
       [0.1613076 , 0.00586287, 0.00355328, 0.00475861, 0.00624859,
        0.76263487, 0.05563418],
       [0.09180666, 0.01755145, 0.02536552, 0.38126905, 0.00643068,
        0.21672859, 0.26084805],
       [0.02799462, 0.00926973, 0.04444417, 0.30669226, 0.04978679,
        0.27537313, 0.28643931]]), array([[0.22224472, 0.04277826, 0.02768354, 0.04649261, 0.10444559,
        0.11043656, 0.44591874],
       [0.09532994, 0.44322877, 0.00134311, 0.00790485, 0.04370001,
        0.38002974, 0.02846358],
       [0.31949414, 0.00831148, 0.04809368, 0.01561677, 0.02917034,
        0.50125143, 0.07806217],
       [0.21102943, 0.26298356, 0.11042058, 0.01284056, 0.02222507,
        0.35693845, 0.02356235],
       [0.36922572, 0.00759673, 0.0153701 , 0.00144157, 0.03891294,
        0.29381484, 0.2736381 ],
       [0.26458904, 0.09034565, 0.1499521 , 0.09036604, 0.00922275,
        0.22073437, 0.17479005],
       [0.02466839, 0.20920935, 0.04447442, 0.00645615, 0.04940741,
        0.65702061, 0.00876366]])]
Estimated R: [array([[8.27809562e-01, 6.63667685e-01, 8.43250663e-01, ...,
        7.29551562e-01, 7.84347379e-01, 5.20641167e-01],
       [1.18901294e-06, 3.23933469e-06, 5.82428362e-06, ...,
        2.60855389e-05, 9.28295620e-07, 1.44372361e-05],
       [2.40509487e-05, 7.99342973e-06, 9.61526875e-06, ...,
        5.20654188e-06, 2.88321941e-06, 2.63086040e-05],
       ...,
       [2.70095711e-03, 6.78669686e-03, 5.02910431e-04, ...,
        2.49416881e-03, 1.91830666e-04, 2.66468703e-03],
       [9.49238852e-07, 1.09625704e-05, 5.84021396e-07, ...,
        9.10263712e-07, 8.25925965e-06, 2.43856785e-05],
       [2.77890262e-03, 2.55843915e-03, 5.02931593e-03, ...,
        1.96822652e-02, 3.41550240e-03, 2.71889115e-02]]), array([[7.60809998e-02, 9.66693191e-02, 7.75058447e-01, ...,
        8.50563207e-01, 6.78151199e-01, 7.50433112e-01],
       [6.10537677e-05, 3.63955144e-05, 5.54121531e-06, ...,
        1.85703269e-06, 6.36755654e-05, 1.86165390e-06],
       [8.38676587e-05, 2.49350425e-04, 1.25323287e-06, ...,
        5.97291628e-07, 1.18712044e-05, 4.48202826e-06],
       ...,
       [6.42782833e-03, 2.87857520e-03, 3.75725347e-03, ...,
        1.43544418e-03, 7.03019864e-03, 2.03079940e-03],
       [4.14131760e-04, 2.40123426e-04, 2.38993127e-07, ...,
        3.35638820e-07, 4.59340880e-06, 1.83797283e-06],
       [5.20742927e-03, 3.11265574e-02, 5.17597817e-03, ...,
        1.28702132e-02, 3.77470608e-02, 2.81102536e-04]]), array([[9.27023390e-01, 5.42334667e-01, 7.19748234e-01, ...,
        7.60001272e-01, 6.21147398e-01, 6.37236629e-01],
       [8.44765995e-07, 5.44722328e-05, 2.69316299e-06, ...,
        1.46183512e-05, 6.56439024e-05, 1.01785326e-06],
       [1.34185003e-06, 5.12289637e-06, 1.24585977e-05, ...,
        1.28727582e-05, 1.36654011e-05, 8.73083447e-06],
       ...,
       [1.68372624e-03, 6.04111237e-03, 8.12377528e-03, ...,
        3.70755145e-03, 1.65328815e-03, 1.38809403e-04],
       [5.37324523e-07, 4.12618466e-07, 2.46631001e-06, ...,
        1.63748323e-05, 2.27360486e-05, 2.51937096e-06],
       [1.79030777e-04, 5.97362724e-03, 2.91684173e-03, ...,
        8.48254679e-03, 3.78572083e-04, 1.98235746e-02]]), array([[8.27195376e-01, 7.71639720e-01, 6.92677489e-01, ...,
        8.56843449e-01, 8.08144357e-01, 6.43089451e-01],
       [6.12960250e-06, 1.47438295e-05, 2.25409866e-06, ...,
        5.38373487e-06, 3.24205376e-05, 8.79044091e-05],
       [2.12462904e-06, 1.52159610e-05, 8.61425325e-06, ...,
        7.33543889e-06, 1.39595408e-06, 5.17400429e-06],
       ...,
       [1.67958831e-04, 1.79057599e-04, 3.53901411e-03, ...,
        2.19072386e-03, 5.62434841e-03, 8.26992271e-04],
       [3.53426475e-06, 7.60186008e-06, 2.02764041e-07, ...,
        5.23469459e-06, 3.73394843e-07, 3.12429937e-05],
       [1.64363151e-02, 1.21681106e-02, 1.10795774e-02, ...,
        1.18132853e-03, 3.99899984e-03, 4.51100536e-03]]), array([[4.83723421e-01, 7.80424154e-01, 2.18063194e-01, ...,
        9.03865814e-01, 1.77414452e-01, 5.98252724e-01],
       [1.66462776e-05, 6.23820101e-06, 8.96325311e-05, ...,
        2.95358812e-06, 5.51208992e-05, 2.55042042e-05],
       [1.31507678e-07, 5.79564887e-07, 2.92753591e-05, ...,
        9.68054601e-07, 1.29497091e-04, 3.72065524e-06],
       ...,
       [4.06514298e-03, 1.91155635e-03, 3.21096183e-02, ...,
        1.01560577e-03, 5.04441715e-03, 4.96501357e-03],
       [1.30315718e-05, 6.00492101e-06, 5.98326232e-05, ...,
        4.30922004e-06, 1.99135311e-05, 2.57635247e-06],
       [2.78284601e-02, 3.91844920e-03, 2.02524949e-03, ...,
        2.02815348e-03, 1.29724590e-02, 2.63717302e-02]]), array([[8.58466930e-01, 7.67975526e-01, 6.07303548e-01, ...,
        7.35345242e-01, 7.57414481e-01, 7.40713787e-01],
       [2.03041478e-06, 4.26826676e-06, 5.25632044e-06, ...,
        8.84604853e-06, 1.99693389e-06, 2.08864684e-06],
       [1.08467982e-06, 2.23198804e-06, 2.33584693e-07, ...,
        7.30560866e-06, 1.20613051e-06, 6.20221996e-06],
       ...,
       [1.87871606e-04, 5.62794928e-04, 9.29180982e-03, ...,
        1.72082382e-03, 2.15742606e-03, 1.53091546e-03],
       [1.87446702e-06, 2.54324421e-05, 1.53271746e-05, ...,
        1.13057884e-05, 5.71615710e-06, 2.61727836e-06],
       [1.41732051e-02, 2.69826950e-02, 3.37479626e-03, ...,
        3.09520444e-03, 9.72083452e-03, 3.23285376e-03]]), array([[8.63613643e-01, 5.41781185e-01, 8.11700536e-01, ...,
        7.08001593e-01, 7.51093337e-01, 1.09450363e-01],
       [5.58838513e-07, 1.87544516e-06, 1.02151574e-06, ...,
        1.70716797e-06, 1.46492810e-05, 1.11522781e-04],
       [2.57460582e-07, 1.83893503e-05, 9.88998574e-06, ...,
        1.16121382e-06, 2.19100405e-05, 5.72104603e-05],
       ...,
       [1.55446987e-03, 9.04504480e-06, 2.85160834e-03, ...,
        6.42137184e-06, 3.82976329e-03, 6.77589214e-04],
       [3.54216303e-07, 3.54692658e-05, 1.10129253e-05, ...,
        2.16712829e-06, 6.55207016e-07, 1.01618616e-04],
       [1.05975761e-02, 2.13879540e-02, 1.40329729e-03, ...,
        1.13990399e-02, 4.85011308e-03, 4.71568598e-02]]), array([[6.78638206e-01, 5.08569376e-01, 7.38218880e-01, ...,
        8.44952112e-01, 8.63342695e-01, 8.23111397e-01],
       [7.59054991e-07, 5.97943968e-05, 4.78685305e-06, ...,
        4.39026636e-07, 4.11289997e-06, 1.77858201e-07],
       [3.12624518e-05, 1.11577052e-05, 1.27324054e-07, ...,
        5.33989246e-06, 4.86292631e-07, 3.94883394e-06],
       ...,
       [7.82126832e-03, 2.47172803e-04, 1.09742772e-03, ...,
        1.03971582e-04, 7.98757931e-05, 4.05813677e-03],
       [5.40245687e-06, 6.99025358e-05, 2.98097076e-06, ...,
        9.35333510e-08, 4.41199116e-06, 4.56250894e-06],
       [2.97764652e-03, 2.38194475e-04, 2.59930164e-02, ...,
        4.99166615e-03, 3.22454878e-03, 5.03485729e-03]]), array([[8.53059710e-01, 2.36184272e-02, 5.53869240e-01, ...,
        2.62780372e-01, 7.95247723e-01, 8.52441629e-01],
       [1.97422389e-06, 6.73274473e-05, 1.91990157e-05, ...,
        6.98456643e-05, 6.36758123e-06, 1.53310230e-06],
       [3.81341891e-05, 3.46609537e-05, 1.57300586e-05, ...,
        1.54751210e-05, 8.21272350e-07, 7.37971671e-06],
       ...,
       [1.32263979e-03, 1.55420396e-02, 1.13436538e-03, ...,
        6.23414423e-04, 2.40251222e-03, 1.90153885e-04],
       [1.28705093e-05, 3.11848023e-04, 1.88282951e-05, ...,
        1.38411810e-05, 7.56310045e-06, 1.76217964e-06],
       [1.99490219e-03, 7.38774515e-02, 8.59386957e-03, ...,
        6.86295057e-02, 1.22125702e-03, 6.05124784e-03]]), array([[8.24696331e-01, 7.98012699e-01, 5.11216159e-01, ...,
        6.41386307e-01, 8.72862552e-01, 8.28748200e-01],
       [1.12756843e-06, 4.28700999e-06, 2.37752666e-06, ...,
        1.54482392e-05, 4.26417009e-07, 1.43532269e-06],
       [1.12410928e-05, 2.99250282e-06, 4.47261795e-07, ...,
        1.46980737e-05, 8.91330669e-07, 7.30938847e-06],
       ...,
       [1.33916267e-03, 1.12255286e-03, 2.55504937e-03, ...,
        4.11959008e-03, 1.97888210e-03, 2.39838493e-03],
       [3.71095884e-06, 8.71853715e-06, 2.20389474e-05, ...,
        1.53675394e-05, 2.04299016e-08, 6.16111330e-06],
       [1.30036026e-03, 2.17318573e-02, 3.38985399e-03, ...,
        3.00754490e-04, 1.08941936e-02, 1.44271293e-03]])]

