Estimating the parameters from the real data (K=50) (z initialized through y and r)
==================================================

N (neurons): 805
K (states): 8
T (time steps): 10000
Seed: 12345
Number of repetitions: 10
Number of iterations: 1000

Estimated parameters:
Estimated Pi: [array([0.11453988, 0.14833995, 0.03242964, 0.15196217, 0.16994722,
       0.13909481, 0.11387706, 0.12980927]), array([0.02840743, 0.14428997, 0.09555205, 0.17775431, 0.1355426 ,
       0.12855486, 0.14141454, 0.14848424]), array([0.16030568, 0.05122976, 0.16269597, 0.1677171 , 0.03797687,
       0.17772668, 0.09754793, 0.14480002]), array([0.02682888, 0.16951048, 0.15771706, 0.08222351, 0.0861274 ,
       0.19544651, 0.12659165, 0.15555453]), array([0.16319937, 0.15706437, 0.12699139, 0.03035826, 0.16221865,
       0.09657879, 0.14377573, 0.11981344]), array([0.10083482, 0.13325666, 0.09622028, 0.16059756, 0.12447014,
       0.14629465, 0.11227611, 0.12604977]), array([0.20574557, 0.12930516, 0.15361099, 0.0729535 , 0.17378115,
       0.10555526, 0.05967542, 0.09937295]), array([0.24195384, 0.06485914, 0.05316192, 0.2131932 , 0.03961086,
       0.02217083, 0.18038319, 0.184667  ]), array([0.1196125 , 0.11909839, 0.12079815, 0.16292403, 0.12774061,
       0.1212317 , 0.12917583, 0.09941878]), array([0.16057025, 0.0398294 , 0.10763155, 0.17130217, 0.15019843,
       0.06616092, 0.15350724, 0.15080003])]
Estimated Gamma: [array([[9.70155048e-02, 6.82567700e-02, 1.78328789e-03, 6.45497043e-02,
        3.56908786e-01, 2.99133071e-01, 3.59207345e-02, 7.64321422e-02],
       [4.11017946e-02, 2.71225037e-01, 8.69882445e-04, 1.49414980e-02,
        2.96393945e-01, 2.50975398e-01, 9.25652871e-05, 1.24399880e-01],
       [1.90587676e-01, 1.46580910e-01, 2.19477382e-03, 1.69210311e-01,
        1.37294662e-01, 1.42932792e-01, 1.55055176e-01, 5.61436993e-02],
       [4.90718570e-03, 2.71190712e-01, 6.03890874e-03, 1.48675148e-01,
        4.94537936e-01, 2.40387097e-02, 1.49960138e-02, 3.56153857e-02],
       [1.06635225e-01, 2.34843389e-01, 5.49010780e-04, 1.86510431e-01,
        2.62421046e-01, 1.30668144e-01, 2.67865718e-03, 7.56940967e-02],
       [3.88073765e-02, 1.26899488e-01, 1.15124553e-03, 1.83472977e-01,
        3.30024720e-01, 1.44598311e-01, 2.05798198e-02, 1.54466062e-01],
       [4.04751938e-02, 1.72378134e-02, 1.14478296e-03, 3.56085455e-01,
        2.39590275e-01, 1.65073895e-01, 1.58396918e-01, 2.19956666e-02],
       [6.52243275e-03, 7.88412862e-02, 1.24771865e-03, 1.40813149e-01,
        5.64602730e-01, 2.75939563e-03, 8.40903129e-02, 1.21122974e-01]]), array([[7.51084890e-03, 9.24633328e-02, 1.37084523e-02, 4.02482513e-01,
        1.26006505e-01, 1.10277788e-02, 3.12517901e-01, 3.42826687e-02],
       [6.10595855e-06, 6.07029146e-02, 8.01625519e-03, 7.77953019e-01,
        5.42106226e-02, 1.41611906e-02, 5.10117731e-02, 3.39381187e-02],
       [1.70798939e-03, 1.11615966e-01, 2.16079361e-01, 1.54076021e-01,
        2.46382380e-01, 1.35309815e-02, 1.98771380e-01, 5.78359213e-02],
       [2.13175678e-03, 1.69660550e-01, 1.51495579e-01, 5.19630099e-01,
        4.34686061e-02, 8.53384161e-02, 2.66844476e-02, 1.59054501e-03],
       [1.68482942e-03, 3.74925511e-02, 1.56112925e-01, 5.86749529e-01,
        2.23274899e-03, 1.56864604e-02, 1.91340722e-01, 8.70023388e-03],
       [1.72166990e-03, 2.66137768e-02, 1.88594698e-02, 6.62331741e-01,
        1.02719043e-01, 4.78616772e-03, 1.61801625e-01, 2.11665066e-02],
       [1.61739862e-04, 1.08042587e-01, 1.13144401e-02, 3.82186416e-01,
        2.33261468e-01, 7.09795144e-02, 1.79411746e-01, 1.46420887e-02],
       [9.38324265e-05, 2.26229854e-02, 1.43523891e-02, 4.90228659e-01,
        1.80881910e-01, 1.16453392e-02, 2.52723254e-01, 2.74516299e-02]]), array([[3.74844294e-03, 1.39474027e-01, 2.73483378e-01, 3.28147745e-01,
        2.07924536e-04, 5.61470360e-02, 1.57331068e-01, 4.14603777e-02],
       [5.58190306e-02, 1.45644814e-03, 2.91010628e-02, 3.21118858e-01,
        5.90461515e-04, 1.75819679e-01, 3.30360580e-01, 8.57338796e-02],
       [5.04403205e-02, 4.26677382e-02, 1.61349892e-01, 3.09735512e-01,
        2.13345703e-03, 3.45102401e-02, 3.72620255e-01, 2.65425858e-02],
       [2.99775765e-03, 2.09891287e-01, 3.79888182e-01, 1.44179895e-02,
        8.65291972e-04, 2.48700531e-01, 1.37820748e-01, 5.41821289e-03],
       [8.12009646e-02, 5.65209356e-03, 8.93654726e-02, 4.39637344e-01,
        3.23415523e-03, 1.89069922e-01, 1.21451097e-02, 1.79694938e-01],
       [1.61048924e-01, 5.86671032e-02, 1.69281320e-01, 1.72575222e-01,
        4.50520460e-04, 1.89369415e-01, 8.43700020e-02, 1.64237493e-01],
       [2.96481755e-01, 1.42478794e-02, 2.49303454e-01, 6.15846248e-02,
        3.88408926e-03, 5.09146747e-02, 3.52371751e-03, 3.20059805e-01],
       [1.67192633e-01, 1.74865668e-02, 4.59958379e-02, 3.51127892e-01,
        5.49716974e-03, 3.27915020e-01, 3.13361483e-02, 5.34487326e-02]]), array([[1.63518038e-03, 4.56598233e-03, 4.65741182e-01, 1.21231305e-03,
        7.75126002e-03, 7.92156386e-03, 3.45224000e-02, 4.76650119e-01],
       [2.42499616e-03, 2.81115532e-01, 2.17865903e-01, 3.16105999e-03,
        6.14657427e-02, 2.84109972e-01, 1.62087433e-02, 1.33648051e-01],
       [2.68273479e-04, 9.36962717e-02, 8.83916460e-02, 6.91153231e-02,
        4.86076060e-02, 5.68708515e-01, 1.39970749e-02, 1.17215290e-01],
       [1.84195245e-03, 1.35815438e-01, 1.96227445e-01, 6.78310307e-03,
        6.00451500e-02, 4.56779039e-01, 1.12899810e-02, 1.31217892e-01],
       [2.81222977e-03, 5.58460664e-02, 1.32996296e-01, 1.44815999e-02,
        8.76585507e-03, 6.04719434e-01, 1.51901551e-01, 2.84769680e-02],
       [1.36625438e-03, 3.95571462e-03, 9.40687820e-02, 7.54889400e-02,
        6.44388411e-03, 5.89337878e-01, 9.05065162e-03, 2.20287895e-01],
       [1.03618911e-02, 4.68591286e-02, 2.48080480e-01, 6.93708460e-03,
        6.36341018e-02, 4.64292191e-01, 1.88538938e-02, 1.40981229e-01],
       [8.54442996e-03, 6.22628930e-02, 5.29352804e-01, 6.31882571e-03,
        1.65495395e-02, 1.68516387e-01, 6.87032194e-02, 1.39751902e-01]]), array([[0.02939498, 0.0484281 , 0.20054932, 0.01277123, 0.51261379,
        0.03791845, 0.15609209, 0.00223205],
       [0.26994953, 0.0063489 , 0.00286958, 0.00281309, 0.35247384,
        0.00794531, 0.29456066, 0.06303909],
       [0.23471784, 0.17717801, 0.03150742, 0.01826631, 0.26462443,
        0.24802952, 0.01798776, 0.00768872],
       [0.62511907, 0.0494154 , 0.03625482, 0.00136683, 0.13212144,
        0.00800531, 0.14257262, 0.00514452],
       [0.6714072 , 0.02190962, 0.02952475, 0.00755757, 0.13918935,
        0.01343788, 0.01672151, 0.10025212],
       [0.30636029, 0.09541603, 0.05723673, 0.02631183, 0.16881043,
        0.13515957, 0.13359352, 0.0771116 ],
       [0.34166908, 0.09280662, 0.0883279 , 0.00216133, 0.30338495,
        0.07164666, 0.01169723, 0.08830622],
       [0.51419055, 0.05681223, 0.03228673, 0.01059571, 0.03826176,
        0.04398975, 0.22813845, 0.07572482]]), array([[0.0090713 , 0.08989895, 0.26815124, 0.04360345, 0.25403468,
        0.19877962, 0.04575309, 0.09070768],
       [0.01265   , 0.25698821, 0.00268979, 0.04957177, 0.03645975,
        0.56918879, 0.02807121, 0.04438048],
       [0.00618887, 0.16423269, 0.01023768, 0.2113822 , 0.13359981,
        0.23296128, 0.04919183, 0.19220563],
       [0.02809447, 0.09121968, 0.00507927, 0.00513425, 0.6262518 ,
        0.14839136, 0.03511193, 0.06071724],
       [0.00218025, 0.06959511, 0.08291955, 0.08296683, 0.02186275,
        0.67549769, 0.0308616 , 0.03411622],
       [0.02033436, 0.02905924, 0.10492158, 0.12182373, 0.19395126,
        0.22714566, 0.03096813, 0.27179604],
       [0.01611577, 0.16188985, 0.08215846, 0.03738775, 0.05120212,
        0.38957676, 0.05521434, 0.20645494],
       [0.0977553 , 0.22995631, 0.02013426, 0.00827751, 0.04578813,
        0.46137817, 0.07362141, 0.0630889 ]]), array([[1.05969379e-01, 1.04269734e-01, 4.18852903e-03, 3.81420199e-02,
        6.58092267e-01, 2.77294402e-02, 6.13448344e-02, 2.63796435e-04],
       [3.77707878e-01, 3.20252433e-03, 3.16998753e-02, 1.24153883e-02,
        5.60410358e-01, 3.29376688e-04, 8.58540136e-03, 5.64919771e-03],
       [4.18463781e-01, 8.50135713e-02, 2.39792380e-02, 2.23105231e-02,
        3.39686354e-01, 6.99444429e-02, 2.76492671e-02, 1.29528227e-02],
       [5.21491046e-01, 2.91688205e-01, 4.31840096e-03, 5.49602077e-03,
        1.56777301e-01, 3.88811760e-03, 4.94827964e-03, 1.13926297e-02],
       [4.08906942e-01, 9.23795284e-02, 1.85510334e-02, 1.90123205e-02,
        3.21729486e-01, 5.50097159e-02, 8.42171593e-02, 1.93815396e-04],
       [4.06548122e-01, 2.75089074e-01, 2.68003054e-02, 4.20868845e-02,
        1.67680302e-01, 7.16612623e-02, 5.01191677e-04, 9.63285809e-03],
       [4.70999309e-01, 1.07573833e-01, 2.54514679e-02, 2.19874874e-03,
        3.66902981e-01, 1.73766065e-02, 8.83145373e-03, 6.65600763e-04],
       [7.14462412e-01, 1.46367435e-02, 8.45535357e-03, 2.09522654e-02,
        1.04850798e-01, 9.28639677e-02, 1.66316416e-02, 2.71468183e-02]]), array([[2.26492917e-01, 6.35646276e-04, 9.25853988e-03, 5.38399177e-01,
        6.87027738e-04, 1.38058807e-02, 3.78801415e-02, 1.72840670e-01],
       [2.93012674e-02, 1.74580811e-02, 1.25800913e-01, 5.31324048e-01,
        6.88252836e-04, 4.54823493e-03, 1.62833407e-01, 1.28045795e-01],
       [5.87075388e-01, 1.55639622e-03, 1.80147215e-03, 2.78356727e-01,
        1.13074689e-03, 3.20686311e-03, 8.00690056e-02, 4.68034016e-02],
       [3.47080392e-01, 4.32024045e-02, 7.38738966e-02, 4.36057889e-01,
        2.41075677e-03, 1.53822339e-02, 4.03220884e-02, 4.16703389e-02],
       [2.14765671e-01, 1.40556432e-02, 3.55919190e-02, 6.39677474e-01,
        3.73991368e-03, 2.25581824e-02, 3.62441921e-02, 3.33670049e-02],
       [3.57773701e-01, 7.49018168e-03, 1.40887857e-02, 5.09608328e-01,
        1.67875300e-04, 3.26265172e-03, 1.01329353e-01, 6.27912403e-03],
       [1.46818939e-02, 6.13178054e-03, 3.05723065e-02, 5.89851283e-01,
        2.81843347e-03, 8.35316771e-03, 1.52787078e-01, 1.94804057e-01],
       [1.05845101e-01, 8.83781875e-03, 4.12586040e-02, 7.44056185e-01,
        7.35162952e-03, 2.30296430e-03, 1.54966887e-02, 7.48510085e-02]]), array([[0.41391722, 0.06702281, 0.00387049, 0.0391878 , 0.04247502,
        0.24449232, 0.16417424, 0.02486009],
       [0.09221791, 0.0727168 , 0.0553436 , 0.37661154, 0.00828053,
        0.18811276, 0.10593652, 0.10078034],
       [0.04366609, 0.08128544, 0.12915488, 0.04610323, 0.08196706,
        0.19029829, 0.243965  , 0.18356001],
       [0.19173636, 0.06800017, 0.03972738, 0.30052834, 0.11129449,
        0.15139371, 0.00905917, 0.12826039],
       [0.18868785, 0.20538015, 0.03684304, 0.13091604, 0.07355842,
        0.09786611, 0.12836396, 0.13838443],
       [0.2056984 , 0.08949164, 0.26310352, 0.1180117 , 0.04071832,
        0.00374476, 0.1026141 , 0.17661756],
       [0.44550873, 0.02263633, 0.07039102, 0.14395634, 0.06569543,
        0.21007567, 0.00382403, 0.03791245],
       [0.30211064, 0.04756779, 0.00093931, 0.29667074, 0.04914738,
        0.06854634, 0.12192053, 0.11309727]]), array([[3.26101333e-01, 1.28615698e-03, 1.73652557e-01, 2.05586870e-01,
        2.16430812e-02, 7.21826935e-03, 3.83960990e-02, 2.26115634e-01],
       [1.21231788e-01, 1.02379840e-01, 6.45817973e-02, 1.75074410e-01,
        1.14697705e-01, 2.87108279e-04, 2.07799891e-01, 2.13947460e-01],
       [8.90220886e-02, 2.22811475e-02, 1.07028039e-02, 6.49696925e-02,
        1.53421556e-03, 3.22074760e-04, 2.24165907e-01, 5.87002070e-01],
       [2.14281628e-01, 1.30532677e-02, 1.78792174e-03, 6.34673631e-02,
        9.16027623e-02, 7.25511694e-03, 5.74546035e-01, 3.40059049e-02],
       [2.36870773e-01, 1.51647569e-02, 9.51748031e-02, 3.37964567e-01,
        3.16413438e-02, 4.40108447e-03, 2.65431399e-01, 1.33512733e-02],
       [8.59961030e-02, 5.62723488e-02, 5.88427498e-02, 5.19951596e-01,
        7.16877288e-02, 3.30648512e-03, 1.99987799e-01, 3.95518890e-03],
       [1.03606966e-01, 7.63350124e-02, 4.17223126e-02, 5.15834141e-02,
        1.57172434e-01, 5.25477429e-03, 5.62090987e-01, 2.23409979e-03],
       [1.77823257e-01, 7.35920648e-03, 3.29228665e-02, 3.48577562e-02,
        4.81548433e-02, 2.76061076e-03, 5.45250315e-01, 1.50871145e-01]])]
Estimated R: [array([[6.16798872e-01, 8.03789796e-01, 1.49059381e-01, ...,
        7.83935193e-01, 5.86214862e-01, 6.42478658e-01],
       [1.88395813e-06, 3.85920635e-07, 3.21105866e-05, ...,
        1.75498679e-07, 1.41827119e-06, 1.61242993e-07],
       [1.41905001e-06, 5.77937435e-07, 1.73183508e-04, ...,
        3.61531922e-07, 1.07103267e-08, 8.39681881e-08],
       ...,
       [1.96272886e-02, 1.64591376e-03, 6.31888277e-03, ...,
        5.84071202e-05, 4.87335696e-04, 6.70374136e-04],
       [2.42087553e-06, 4.22590087e-08, 3.92261539e-05, ...,
        1.30642727e-07, 3.15693302e-06, 2.18574123e-06],
       [3.59833583e-02, 7.06155445e-03, 2.66138265e-03, ...,
        2.32684990e-03, 1.10763375e-02, 2.08175425e-02]]), array([[2.47040688e-01, 7.73334599e-01, 6.61643576e-01, ...,
        5.64479246e-01, 8.15195566e-01, 7.95101761e-01],
       [2.39416378e-04, 1.42439420e-06, 1.05683877e-06, ...,
        6.26417329e-06, 4.16752067e-07, 6.19336772e-06],
       [4.77700117e-05, 1.16248273e-06, 9.27928494e-07, ...,
        1.09596818e-06, 3.74590743e-06, 1.75431841e-05],
       ...,
       [2.13602149e-03, 3.93958613e-03, 5.78142423e-05, ...,
        7.45242583e-03, 1.63697519e-03, 2.59868219e-03],
       [8.57975328e-07, 5.30161007e-07, 2.79335743e-06, ...,
        1.69219619e-07, 1.85870297e-06, 2.44127301e-05],
       [1.27108231e-01, 9.31657151e-03, 2.62823091e-02, ...,
        1.14661154e-02, 6.34566367e-03, 1.33907934e-03]]), array([[8.19201080e-01, 3.40748046e-01, 8.02653175e-01, ...,
        8.66427881e-01, 8.38452169e-01, 7.72703088e-01],
       [2.96630984e-07, 9.55218075e-07, 3.20694049e-07, ...,
        4.16244589e-08, 5.33847324e-08, 6.83761734e-07],
       [2.37089399e-07, 4.11601595e-07, 4.73312032e-08, ...,
        5.49682260e-07, 2.84545892e-06, 1.37456056e-06],
       ...,
       [7.34973424e-04, 1.54788738e-03, 4.71556739e-03, ...,
        1.10301921e-05, 2.23723279e-03, 5.54808131e-04],
       [8.49952399e-07, 3.59065589e-07, 1.57712027e-06, ...,
        2.78003711e-07, 3.24952480e-07, 9.82438479e-07],
       [1.04683899e-03, 1.27714665e-02, 8.38156668e-03, ...,
        1.75064840e-02, 1.71356957e-03, 8.13474916e-03]]), array([[1.01459033e-01, 7.08397632e-01, 7.87659375e-01, ...,
        8.57633056e-01, 5.89743874e-01, 8.15806717e-01],
       [7.99535627e-07, 4.00113256e-06, 1.74331919e-06, ...,
        1.25179186e-08, 1.27999750e-06, 4.18910012e-07],
       [1.56301693e-05, 3.24905612e-07, 2.18712359e-07, ...,
        1.73748504e-07, 7.03686910e-07, 3.92857024e-07],
       ...,
       [2.53206695e-04, 6.91193642e-04, 1.05974340e-04, ...,
        1.86597713e-03, 1.62498576e-06, 6.69642194e-03],
       [2.75630896e-05, 9.61326967e-07, 5.57269653e-07, ...,
        4.79799054e-08, 6.05827191e-06, 6.57103252e-07],
       [8.90962053e-02, 4.48471096e-02, 8.91798574e-03, ...,
        2.12456446e-03, 1.09681894e-02, 6.10952541e-03]]), array([[9.10775631e-01, 7.36100387e-01, 6.70577149e-01, ...,
        6.21144860e-01, 7.47196418e-01, 7.26138501e-01],
       [1.43376406e-09, 5.49907792e-07, 1.44549766e-06, ...,
        6.74112214e-07, 7.76716444e-07, 3.84275530e-07],
       [4.38909909e-07, 3.84566972e-06, 3.14965353e-07, ...,
        2.32843155e-07, 5.26782169e-07, 1.73471346e-06],
       ...,
       [6.10117185e-04, 1.35624990e-03, 1.99924379e-03, ...,
        3.48258600e-03, 1.50423566e-03, 1.61304195e-02],
       [4.26510086e-09, 6.39205545e-07, 1.36512386e-06, ...,
        2.20880872e-07, 4.88281128e-07, 3.77387800e-06],
       [1.11684184e-03, 5.77232971e-03, 1.89337886e-02, ...,
        3.54563048e-02, 6.91851919e-03, 7.07872286e-04]]), array([[6.25376667e-01, 7.45893868e-01, 4.60430528e-01, ...,
        8.91299652e-01, 6.27727352e-01, 7.53139256e-01],
       [2.98949824e-07, 1.29887011e-06, 2.26965999e-06, ...,
        1.54098151e-07, 4.66668286e-07, 7.96688819e-07],
       [1.84887527e-06, 9.76876675e-08, 1.52156851e-07, ...,
        2.34828179e-07, 3.47655772e-06, 7.17144922e-07],
       ...,
       [1.17184398e-03, 1.13885566e-03, 1.96294601e-02, ...,
        6.19872128e-04, 1.64030162e-03, 1.15788413e-03],
       [2.32084604e-06, 6.67493963e-09, 1.95524481e-07, ...,
        2.86976716e-07, 9.57817698e-07, 4.40285972e-07],
       [1.47621572e-02, 2.23388976e-03, 6.28267542e-02, ...,
        4.09416016e-03, 7.62315127e-03, 3.31081427e-03]]), array([[9.15979889e-01, 6.48798217e-01, 5.98594042e-01, ...,
        6.23193982e-01, 2.41553385e-01, 3.82400391e-01],
       [4.93219871e-07, 7.49434775e-07, 2.00193507e-06, ...,
        6.50941814e-07, 1.18627938e-06, 4.09201663e-05],
       [1.18715892e-06, 1.21865622e-06, 4.96432970e-07, ...,
        2.02676169e-06, 3.44890179e-07, 4.19131837e-05],
       ...,
       [6.59961233e-05, 4.52419572e-03, 1.20788602e-03, ...,
        7.74665356e-03, 1.44903886e-02, 9.08182718e-04],
       [1.93383202e-07, 1.57119038e-06, 3.16841142e-06, ...,
        8.60447193e-08, 4.31584800e-07, 4.91479656e-05],
       [1.30048526e-02, 1.14042313e-02, 2.36485287e-03, ...,
        2.27552211e-02, 1.45377312e-02, 1.02715493e-02]]), array([[8.58136704e-01, 3.66913065e-01, 1.49273348e-01, ...,
        9.21970389e-02, 6.95827446e-01, 6.82902366e-01],
       [2.14518138e-07, 5.90585947e-07, 9.13402681e-07, ...,
        1.51931733e-05, 2.85081358e-06, 3.09098106e-07],
       [1.80616496e-07, 5.04265781e-06, 3.66912311e-06, ...,
        9.73218598e-06, 2.35940241e-06, 1.06446057e-06],
       ...,
       [1.84183441e-04, 8.78845317e-03, 1.65222388e-03, ...,
        1.38444329e-03, 4.19498494e-03, 8.01264309e-03],
       [1.32917206e-07, 9.55150795e-06, 2.74916699e-06, ...,
        4.14996969e-06, 1.17008149e-06, 2.32784088e-06],
       [6.52488119e-03, 4.46332520e-02, 3.51228775e-02, ...,
        5.29713908e-02, 1.84322067e-03, 1.07693814e-02]]), array([[8.19523532e-01, 8.15824458e-01, 7.81878982e-01, ...,
        7.27204553e-01, 7.10330257e-01, 7.22580494e-01],
       [9.16952909e-08, 2.38223120e-06, 2.95904191e-06, ...,
        1.98546841e-06, 8.21208155e-08, 1.03236392e-06],
       [1.10854960e-06, 3.43002537e-08, 3.26746548e-07, ...,
        3.98770237e-07, 2.01158464e-08, 1.87666454e-07],
       ...,
       [1.45444162e-03, 7.01187582e-03, 4.28649005e-03, ...,
        4.73234791e-04, 4.23150880e-03, 2.93010035e-03],
       [2.13723918e-07, 3.81931192e-07, 5.29829145e-06, ...,
        6.98362910e-07, 8.45202057e-08, 3.20758584e-07],
       [5.46069191e-03, 2.55627011e-03, 2.03566678e-02, ...,
        4.81409927e-03, 2.05744076e-03, 1.93019688e-02]]), array([[7.50741476e-01, 3.28657901e-01, 6.49878067e-01, ...,
        2.73976392e-01, 8.70067622e-01, 7.77809605e-01],
       [5.39454467e-07, 1.91946908e-07, 3.24423058e-06, ...,
        5.49607013e-05, 3.71062298e-07, 5.35956721e-08],
       [1.51906406e-07, 1.07949044e-05, 1.62072873e-07, ...,
        1.89692706e-05, 1.59710966e-07, 6.47276714e-07],
       ...,
       [2.65680194e-03, 3.69412813e-03, 3.89134541e-04, ...,
        7.04778145e-03, 2.21773580e-03, 2.54925338e-03],
       [6.09942868e-09, 5.62239300e-06, 3.30991547e-06, ...,
        1.60396447e-05, 3.24947218e-07, 9.90161986e-08],
       [9.75180605e-03, 2.40622290e-02, 5.39628646e-03, ...,
        4.16666168e-02, 5.21015244e-03, 4.39372248e-03]])]

Nmi with generated data: [0.03635434080388519, 0.03687212619825069, 0.039783825816459194, 0.03897991086670187, 0.03768276853715819, 0.03916698180357118, 0.0366515969146212, 0.03688819171548991, 0.03746456659671223, 0.03524209725910146]