Estimating the parameters from the real data (K=7) (z initialized through y and r)
==================================================

N (neurons): 805
K (states): 8
T (time steps): 10000
Seed: 12345
Number of repetitions: 10
Number of iterations: 100

Estimated parameters:
Estimated Pi: [array([0.14809704, 0.23161415, 0.00958423, 0.14430257, 0.08349957,
       0.15976065, 0.07616046, 0.14698133]), array([0.16627007, 0.07044221, 0.29169898, 0.0671806 , 0.12260998,
       0.08942884, 0.16098545, 0.03138386]), array([0.14573256, 0.11789053, 0.19468172, 0.0722795 , 0.1975187 ,
       0.09343557, 0.06796012, 0.11050129]), array([0.13679086, 0.17176799, 0.1399555 , 0.06175873, 0.21788994,
       0.09224714, 0.14666989, 0.03291994]), array([0.14950651, 0.14238902, 0.14459124, 0.17369038, 0.05660447,
       0.13334995, 0.11024763, 0.0896208 ]), array([0.17758632, 0.07762507, 0.05773292, 0.13364146, 0.15430858,
       0.15339306, 0.2213063 , 0.02440629]), array([0.13833608, 0.15452528, 0.04025178, 0.18387624, 0.02895845,
       0.11266505, 0.0757865 , 0.26560063]), array([0.06755459, 0.09812642, 0.09031945, 0.17192181, 0.15322161,
       0.12141781, 0.18896526, 0.10847305]), array([0.16753923, 0.11093482, 0.16410458, 0.06046306, 0.08586486,
       0.06589604, 0.16980104, 0.17539637]), array([0.14569385, 0.06518438, 0.16187586, 0.16766859, 0.06404645,
       0.11634154, 0.18135774, 0.09783159])]
Estimated Gamma: [array([[9.78032295e-02, 1.54464239e-01, 3.73592933e-04, 1.98844762e-01,
        3.51038035e-02, 3.29251157e-02, 2.03325304e-02, 4.60152727e-01],
       [3.93114340e-01, 1.32552485e-01, 6.70983683e-04, 3.41051389e-01,
        2.18080976e-02, 3.57439822e-02, 3.52598689e-02, 3.97988536e-02],
       [1.98450659e-01, 6.95578071e-02, 1.60037609e-02, 2.51024004e-01,
        5.42657011e-02, 2.32718731e-01, 5.02107018e-02, 1.27768636e-01],
       [4.57389607e-01, 1.01154911e-01, 6.74601295e-06, 2.25229504e-01,
        1.18476337e-02, 1.31631355e-01, 1.31730872e-02, 5.95671562e-02],
       [1.94185352e-01, 3.91388163e-01, 5.03490663e-04, 1.58275576e-01,
        4.58197762e-02, 6.11667000e-02, 5.43916501e-02, 9.42692926e-02],
       [4.21115032e-01, 1.58779682e-01, 1.59500651e-04, 3.04261410e-01,
        5.21143100e-03, 4.67330861e-02, 8.90606900e-03, 5.48337892e-02],
       [4.46813592e-01, 1.70594428e-01, 2.42746845e-03, 3.40822698e-02,
        8.69097275e-03, 1.16608211e-01, 9.95626086e-03, 2.10826797e-01],
       [5.00015708e-01, 1.97547563e-01, 4.16149605e-04, 1.36261335e-01,
        2.76295750e-02, 1.51075627e-02, 1.08585064e-02, 1.12163600e-01]]), array([[8.46153371e-02, 7.07897438e-02, 5.18460667e-01, 1.64826927e-01,
        1.14078219e-01, 4.42091967e-02, 1.86678254e-03, 1.15312789e-03],
       [2.70763873e-01, 3.25335079e-02, 4.14344818e-01, 8.27846947e-02,
        1.16195699e-01, 6.47612804e-02, 1.27612011e-02, 5.85492621e-03],
       [8.60565461e-02, 1.09375309e-02, 5.45703988e-01, 1.06263605e-02,
        3.11422518e-01, 3.50234561e-02, 7.99739733e-05, 1.49626605e-04],
       [2.46530093e-02, 3.82139465e-02, 6.81479162e-01, 2.73992978e-02,
        1.78296000e-01, 6.31930805e-03, 4.32655147e-02, 3.73760656e-04],
       [7.30549961e-02, 7.82573726e-02, 3.79645613e-01, 7.98915968e-03,
        3.01422964e-01, 4.52485054e-03, 1.34423846e-01, 2.06811977e-02],
       [1.66148011e-01, 1.41751354e-01, 4.11341888e-01, 2.56187043e-02,
        2.44036818e-01, 3.45653289e-03, 7.59850626e-03, 4.81853266e-05],
       [2.59768601e-01, 1.26874250e-01, 4.18576958e-01, 2.13318431e-02,
        1.14591654e-01, 5.31633352e-02, 2.65988375e-03, 3.03347448e-03],
       [7.55865306e-02, 6.73878516e-02, 5.73177766e-01, 2.68651255e-02,
        2.26911847e-01, 1.87575747e-02, 1.10938841e-02, 2.19421294e-04]]), array([[0.10633126, 0.06124255, 0.4302794 , 0.10077066, 0.03793335,
        0.20897153, 0.00691421, 0.04755703],
       [0.29871539, 0.01326587, 0.16838726, 0.10253623, 0.24146935,
        0.11037948, 0.00581822, 0.0594282 ],
       [0.04840359, 0.14536044, 0.48725127, 0.04708271, 0.1924258 ,
        0.00664216, 0.03978117, 0.03305286],
       [0.01366252, 0.0475208 , 0.81150141, 0.02239094, 0.0402816 ,
        0.04806726, 0.00236233, 0.01421314],
       [0.33271367, 0.03107292, 0.26173743, 0.02301628, 0.24754924,
        0.07014396, 0.02218726, 0.01157924],
       [0.10812347, 0.07967561, 0.05752041, 0.01747202, 0.61047957,
        0.10461644, 0.0056428 , 0.01646967],
       [0.08575616, 0.02726158, 0.20790516, 0.01536838, 0.4098013 ,
        0.18123206, 0.01258286, 0.06009251],
       [0.02312001, 0.13274457, 0.26977121, 0.03470369, 0.14827356,
        0.15375344, 0.08870485, 0.14892866]]), array([[0.16900567, 0.00908978, 0.12195234, 0.00350125, 0.39446369,
        0.06091397, 0.1179364 , 0.12313689],
       [0.10756406, 0.00759174, 0.19267287, 0.00383438, 0.43332699,
        0.05470648, 0.03822116, 0.16208233],
       [0.10753984, 0.0429426 , 0.22772431, 0.02705538, 0.51073923,
        0.02313427, 0.01613251, 0.04473187],
       [0.05856983, 0.02214792, 0.0475838 , 0.04414704, 0.53102584,
        0.07393425, 0.14840671, 0.07418462],
       [0.01658146, 0.01736173, 0.66943103, 0.0516657 , 0.05464565,
        0.07834203, 0.11103643, 0.00093596],
       [0.36717817, 0.00580917, 0.38176238, 0.00270905, 0.18992855,
        0.00479879, 0.0179893 , 0.0298246 ],
       [0.01183784, 0.03579081, 0.11503721, 0.00448784, 0.61247347,
        0.07090137, 0.090157  , 0.05931447],
       [0.08427081, 0.10212901, 0.19389155, 0.01173228, 0.45302025,
        0.07619961, 0.00886909, 0.06988741]]), array([[0.21313552, 0.43620113, 0.16749897, 0.01340567, 0.10157833,
        0.0141269 , 0.04598881, 0.00806467],
       [0.12903702, 0.23387966, 0.18487282, 0.01393762, 0.02558028,
        0.23706352, 0.08002079, 0.09560829],
       [0.0751772 , 0.24741252, 0.12757327, 0.04091055, 0.00282318,
        0.09967043, 0.38291243, 0.02352042],
       [0.08748498, 0.32211919, 0.0924948 , 0.28189444, 0.01618958,
        0.00901604, 0.18924039, 0.00156058],
       [0.07833418, 0.11711781, 0.42731828, 0.19165007, 0.01001993,
        0.13073839, 0.03507141, 0.00974993],
       [0.12990333, 0.4483786 , 0.0705241 , 0.24371228, 0.00336729,
        0.07261521, 0.0181235 , 0.0133757 ],
       [0.08098307, 0.29342423, 0.09802576, 0.11096   , 0.01184639,
        0.23325624, 0.11725034, 0.05425397],
       [0.03562487, 0.49542182, 0.16361236, 0.05463697, 0.01883151,
        0.07159936, 0.13433033, 0.02594277]]), array([[0.05543012, 0.01633702, 0.01140804, 0.22336366, 0.17163578,
        0.13719064, 0.37973418, 0.00490057],
       [0.02739953, 0.34452165, 0.03676133, 0.10186349, 0.2529916 ,
        0.01026661, 0.2137419 , 0.01245389],
       [0.01028843, 0.17831137, 0.10584643, 0.0466369 , 0.3964528 ,
        0.03692008, 0.20176696, 0.02377703],
       [0.00383536, 0.04511193, 0.11333915, 0.00586936, 0.1351745 ,
        0.44730159, 0.08160581, 0.16776229],
       [0.11358607, 0.20077245, 0.00217562, 0.09668132, 0.01778041,
        0.30409695, 0.21675565, 0.04815152],
       [0.01776804, 0.00936971, 0.04675264, 0.01842582, 0.25924397,
        0.32770814, 0.12988211, 0.19084957],
       [0.10408888, 0.16722288, 0.03454277, 0.02900956, 0.01264362,
        0.42332431, 0.10153881, 0.12762916],
       [0.17833696, 0.04409001, 0.00451868, 0.19963921, 0.31059528,
        0.13956522, 0.0801076 , 0.04314703]]), array([[1.80666283e-03, 2.21515786e-01, 1.05507520e-03, 1.70551839e-01,
        5.58716592e-04, 5.77610663e-03, 6.96143040e-03, 5.91774383e-01],
       [2.54035519e-02, 3.79528281e-01, 1.20428048e-02, 1.35203011e-02,
        2.24897553e-02, 3.21585146e-02, 8.25490599e-02, 4.32307731e-01],
       [1.81701018e-02, 1.81991922e-01, 5.53752543e-03, 1.60388137e-01,
        2.05130339e-03, 1.02769922e-01, 4.07761728e-02, 4.88314915e-01],
       [1.03445560e-01, 2.15691642e-01, 1.01217867e-01, 1.27693127e-01,
        2.36659294e-02, 1.63508069e-01, 7.76928941e-03, 2.57008516e-01],
       [6.47580739e-02, 2.63917615e-01, 2.34682653e-02, 1.68930910e-02,
        6.84146240e-02, 5.40779980e-02, 1.86321083e-02, 4.89838225e-01],
       [1.24932483e-01, 3.97253903e-01, 9.00352404e-03, 3.01152379e-02,
        4.92694584e-02, 2.26233975e-02, 2.07402697e-01, 1.59399299e-01],
       [5.73888427e-02, 2.59632728e-01, 5.41460614e-03, 2.52813356e-01,
        7.58084402e-02, 7.27437531e-02, 2.19067965e-01, 5.71303096e-02],
       [1.09120650e-01, 2.67643895e-01, 2.35605108e-02, 8.21225127e-02,
        3.63327842e-02, 5.32215074e-02, 1.99412466e-02, 4.08056893e-01]]), array([[0.25169948, 0.03580325, 0.25224227, 0.06877936, 0.01148871,
        0.19935796, 0.17971972, 0.00090923],
       [0.07105416, 0.048171  , 0.05444509, 0.05975269, 0.0128836 ,
        0.03267633, 0.61445006, 0.10656707],
       [0.22560882, 0.06145692, 0.00692096, 0.01033967, 0.00134382,
        0.11641546, 0.56842448, 0.00948987],
       [0.05833697, 0.00276195, 0.28919703, 0.25227256, 0.0094797 ,
        0.07693162, 0.15729748, 0.15372268],
       [0.13024558, 0.02081025, 0.07456818, 0.02836316, 0.02079673,
        0.05629077, 0.57483351, 0.0940918 ],
       [0.07766614, 0.0131853 , 0.06403243, 0.24659036, 0.02202712,
        0.21839056, 0.29082476, 0.06728333],
       [0.13351076, 0.01046649, 0.00660329, 0.14228128, 0.04474629,
        0.3211322 , 0.32099733, 0.02026237],
       [0.04156986, 0.01226552, 0.14100559, 0.11987387, 0.03088635,
        0.01945833, 0.61964053, 0.01529996]]), array([[7.92868773e-02, 1.07709698e-01, 4.83218381e-01, 1.22721418e-01,
        1.08467658e-01, 4.49333246e-02, 4.03565350e-02, 1.33061077e-02],
       [1.94541727e-01, 1.46264325e-01, 7.67923373e-02, 9.58666446e-02,
        2.73297890e-02, 4.65693567e-02, 3.46262162e-02, 3.78009604e-01],
       [7.17149480e-01, 3.40243219e-02, 1.73552752e-01, 1.67334058e-02,
        5.35750100e-03, 4.52156965e-03, 2.13281527e-02, 2.73328172e-02],
       [2.86414867e-01, 6.81241035e-02, 1.09897064e-01, 3.81585332e-01,
        1.76480305e-04, 6.28562922e-02, 9.92827345e-03, 8.10175878e-02],
       [2.20804524e-01, 8.28754562e-03, 3.07373876e-01, 4.48030470e-02,
        1.87189771e-01, 5.54124827e-03, 1.04281798e-01, 1.21718190e-01],
       [1.43938864e-01, 1.37795128e-01, 5.47531687e-01, 5.56453180e-02,
        4.11335530e-02, 4.21441567e-02, 3.36274559e-03, 2.84485477e-02],
       [3.12047681e-01, 6.98713017e-02, 2.20261855e-01, 2.12598024e-01,
        5.01592769e-02, 3.30077958e-02, 3.82077714e-02, 6.38462937e-02],
       [4.91546292e-01, 1.51408120e-01, 3.53824964e-02, 1.47698711e-01,
        1.48661448e-02, 1.08423417e-03, 3.25435518e-02, 1.25470450e-01]]), array([[0.46453948, 0.18699363, 0.01880472, 0.0947323 , 0.02566209,
        0.02800739, 0.09521414, 0.08604626],
       [0.07836871, 0.01576354, 0.21861234, 0.26112255, 0.02761357,
        0.30167439, 0.01544168, 0.08140323],
       [0.07199336, 0.02686883, 0.19167266, 0.2164321 , 0.00629867,
        0.29486221, 0.15225113, 0.03962103],
       [0.3225325 , 0.04753511, 0.09827967, 0.40998357, 0.03573528,
        0.0440502 , 0.02197411, 0.01990957],
       [0.31559169, 0.01670334, 0.12657197, 0.06885396, 0.01357169,
        0.09123602, 0.00356688, 0.36390444],
       [0.05280656, 0.13802142, 0.13915175, 0.06805993, 0.0566893 ,
        0.15712914, 0.03846833, 0.34967357],
       [0.11070465, 0.05918971, 0.20661708, 0.31471645, 0.05496472,
        0.16145944, 0.02773772, 0.06461024],
       [0.39056442, 0.09986767, 0.09163834, 0.00959566, 0.15438465,
        0.01624937, 0.14407004, 0.09362985]])]
Estimated R: [array([[8.84582129e-01, 7.90643185e-01, 7.17658335e-02, ...,
        5.82416046e-01, 2.66181004e-01, 7.46503017e-01],
       [4.95998660e-06, 8.20081172e-06, 1.32519178e-03, ...,
        1.91226046e-05, 1.62421861e-05, 1.31879845e-06],
       [4.12658064e-06, 1.71838667e-06, 1.21204798e-04, ...,
        2.16304560e-08, 5.74750432e-05, 2.53038775e-06],
       ...,
       [6.39514553e-04, 2.77753993e-03, 6.77861891e-05, ...,
        9.95184412e-03, 1.44995103e-02, 2.20150049e-03],
       [7.51651877e-07, 1.88152510e-05, 2.08747175e-03, ...,
        1.69318860e-05, 4.06777956e-05, 5.04354039e-06],
       [5.30247887e-03, 1.00084343e-02, 2.28052022e-03, ...,
        1.32159588e-02, 7.29593291e-02, 7.10485592e-03]]), array([[7.86537452e-01, 5.07183712e-01, 8.72060729e-01, ...,
        6.86043231e-01, 5.42057616e-01, 1.52945561e-01],
       [3.42768607e-05, 1.16844555e-05, 5.78782873e-07, ...,
        6.23952700e-05, 2.54197738e-05, 4.79997379e-05],
       [9.16961832e-06, 2.97324144e-05, 3.91523189e-08, ...,
        1.53479199e-05, 4.86327734e-06, 8.04091294e-05],
       ...,
       [6.98801333e-03, 8.69287981e-04, 4.25701856e-04, ...,
        2.00204710e-03, 1.36476307e-03, 1.88344552e-03],
       [4.01765668e-06, 2.30011988e-05, 3.33559311e-07, ...,
        3.44581808e-05, 1.39291514e-05, 8.97805359e-05],
       [9.64036296e-05, 7.27808412e-02, 5.36732317e-03, ...,
        9.78456195e-03, 8.52735137e-04, 8.88753126e-03]]), array([[7.03890232e-01, 5.48033608e-01, 9.02110017e-01, ...,
        7.00761850e-01, 4.73193997e-01, 7.17888820e-01],
       [4.69172352e-07, 3.70543976e-05, 5.23949255e-06, ...,
        4.64611415e-06, 1.38753301e-04, 9.83111977e-06],
       [7.57111024e-06, 1.06162276e-06, 4.84624682e-07, ...,
        3.00639131e-05, 4.86817986e-05, 1.21541920e-05],
       ...,
       [2.09938807e-04, 4.28891024e-03, 1.71524550e-03, ...,
        9.33490828e-03, 3.45915605e-03, 2.53696633e-03],
       [7.22272734e-06, 1.37068088e-05, 8.18052840e-08, ...,
        1.11707332e-06, 3.02855818e-05, 7.01756129e-06],
       [1.64184672e-03, 3.01323617e-02, 2.33221277e-03, ...,
        1.06521757e-02, 1.05016490e-02, 7.41341071e-03]]), array([[8.18932298e-01, 6.57846130e-01, 7.76468930e-01, ...,
        5.43161177e-01, 6.91993297e-01, 5.24370976e-01],
       [2.00004314e-06, 1.14283882e-05, 2.92938364e-06, ...,
        2.67932928e-05, 1.87080388e-05, 4.53487779e-05],
       [2.57507779e-06, 1.02016762e-06, 6.32015135e-07, ...,
        8.18468236e-07, 3.84560490e-06, 2.46781063e-05],
       ...,
       [1.17030710e-03, 7.84070374e-03, 1.05059902e-03, ...,
        2.13858719e-03, 5.54813555e-03, 1.18740045e-02],
       [3.38392742e-06, 1.01436408e-04, 1.41056547e-06, ...,
        5.11141500e-06, 2.14092396e-05, 2.04759880e-05],
       [3.67398453e-02, 9.98605776e-03, 3.56616815e-03, ...,
        1.29961061e-02, 2.80053031e-04, 1.72561651e-02]]), array([[8.38494210e-01, 8.80049203e-01, 8.09866458e-01, ...,
        6.01706702e-01, 8.18269805e-01, 4.88318196e-01],
       [1.68426068e-05, 7.56432777e-07, 1.02151517e-06, ...,
        1.70153978e-06, 4.85862947e-06, 1.35909523e-05],
       [5.69690465e-06, 5.17882806e-07, 2.49206115e-06, ...,
        2.93214220e-06, 4.62016974e-06, 8.50178946e-06],
       ...,
       [4.42587718e-04, 7.37641919e-05, 2.25740865e-03, ...,
        2.32882969e-03, 1.13758332e-02, 8.64759040e-04],
       [2.82928195e-05, 6.04690569e-07, 7.79262230e-07, ...,
        6.57518463e-06, 4.03010045e-08, 2.27267637e-05],
       [1.61150112e-02, 7.39883990e-03, 5.19022396e-03, ...,
        1.07336422e-02, 1.48119014e-03, 8.46012789e-03]]), array([[6.85356300e-01, 7.55279522e-01, 5.12605108e-01, ...,
        9.04453828e-01, 7.67825045e-01, 6.76706200e-01],
       [3.19213684e-05, 7.63294250e-06, 1.34240724e-05, ...,
        3.10580285e-07, 1.73222154e-05, 2.26607646e-05],
       [8.14332120e-06, 2.17555763e-06, 3.70604184e-05, ...,
        6.07493985e-06, 5.61346495e-06, 1.06622702e-05],
       ...,
       [2.00833847e-03, 3.26759859e-03, 7.63542593e-03, ...,
        1.22984620e-03, 3.42225538e-03, 1.85522255e-03],
       [2.56920659e-05, 1.09822481e-05, 3.50130497e-05, ...,
        6.44835569e-08, 8.97445781e-07, 6.81714670e-06],
       [3.96245810e-02, 1.15431271e-02, 4.24001970e-03, ...,
        1.45146270e-03, 8.42424188e-03, 1.18744111e-02]]), array([[6.73946909e-01, 9.00011846e-01, 4.19192529e-01, ...,
        5.51815629e-01, 5.67339477e-01, 8.10900404e-01],
       [8.39593129e-06, 5.34611659e-06, 8.65741312e-05, ...,
        2.53652350e-05, 2.64405297e-05, 1.15683655e-06],
       [9.78233127e-06, 7.51195749e-06, 1.63054869e-05, ...,
        9.21212552e-06, 3.34544411e-05, 3.38662705e-06],
       ...,
       [6.07388364e-03, 2.25958938e-03, 2.09566576e-03, ...,
        1.81615004e-03, 2.46974892e-03, 1.01789362e-03],
       [5.17639822e-06, 3.57466978e-06, 1.23515709e-04, ...,
        1.26864223e-05, 8.06921599e-06, 2.62920090e-06],
       [2.03299339e-02, 1.07606623e-03, 6.40271018e-02, ...,
        5.94035628e-02, 1.48026714e-02, 1.55229909e-03]]), array([[7.83398512e-01, 4.76852461e-01, 7.57519839e-01, ...,
        7.73392567e-01, 8.69040363e-01, 6.73232540e-01],
       [3.31774108e-06, 3.55423235e-05, 3.06799045e-05, ...,
        6.13513872e-06, 1.21176470e-06, 9.82063341e-06],
       [3.12175942e-06, 1.28142990e-04, 1.27115524e-05, ...,
        6.41062928e-06, 3.30391466e-07, 1.10342281e-06],
       ...,
       [1.23135539e-03, 3.60293725e-03, 5.56733088e-03, ...,
        3.14092928e-03, 2.03406924e-04, 1.48383485e-03],
       [1.99563621e-05, 8.91321483e-06, 4.92984930e-07, ...,
        5.37564447e-06, 1.62142364e-07, 1.69771834e-05],
       [2.58739841e-03, 7.28332210e-03, 1.95283707e-05, ...,
        1.37987243e-02, 2.03231987e-03, 4.78657440e-03]]), array([[8.69420365e-01, 7.45218234e-01, 8.14603906e-01, ...,
        3.61330389e-01, 4.57035778e-01, 7.42403731e-01],
       [7.96224114e-06, 2.23197819e-05, 9.49530655e-07, ...,
        8.60234218e-06, 8.02156270e-05, 2.09499419e-05],
       [7.56825857e-08, 6.04600879e-06, 1.36292714e-05, ...,
        2.82305538e-05, 5.51799485e-05, 3.11375230e-06],
       ...,
       [1.54306110e-03, 4.84702752e-03, 4.21720428e-04, ...,
        1.89885566e-03, 3.28063960e-03, 3.07431644e-03],
       [6.63820746e-08, 2.57820428e-05, 5.68386837e-07, ...,
        4.11926793e-06, 3.42208539e-06, 8.10151189e-06],
       [3.95954599e-03, 4.28344290e-03, 1.85293185e-03, ...,
        5.75974457e-02, 1.67349886e-02, 2.74232587e-02]]), array([[8.59604261e-01, 6.98182099e-01, 7.27769797e-01, ...,
        7.66157908e-01, 7.85573351e-01, 6.83693985e-01],
       [1.42477899e-05, 1.21251195e-05, 5.34557712e-06, ...,
        3.24822681e-06, 1.98733090e-05, 1.09600404e-06],
       [6.62544305e-06, 2.90210452e-06, 1.49710152e-06, ...,
        7.88177367e-06, 4.16202497e-05, 2.80815280e-06],
       ...,
       [3.29803650e-04, 5.66075185e-04, 1.21396313e-03, ...,
        1.06732332e-04, 2.50102897e-02, 3.73607758e-04],
       [4.85218069e-06, 2.19456765e-06, 1.00212526e-05, ...,
        5.20327483e-06, 7.33461293e-06, 3.35429108e-06],
       [1.43471159e-02, 1.77496441e-02, 3.46454696e-03, ...,
        7.97145212e-04, 8.24893134e-03, 2.21559005e-03]])]

Nmi with generated data: [0.04092578742136939, 0.04306458876753758, 0.04085553753563486, 0.04275425163984913, 0.04445028467787512, 0.045280929573062685, 0.04252570327062659, 0.04490678877400288, 0.04277234859780734, 0.04054002916210012]