Complexity increased keeping gamma very unbalanced, and increasing K and N (K=8, N=9)
==================================================

N (neurons): 9
K (states): 8
T (time steps): 100000
Seed: None
Number of repetitions: 10
Number of iterations: 100

Initialization of parameters for HMM:
Pi: [1 0 0 0 0 0 0 0]
Gamma: [[0.72 0.04 0.04 0.04 0.04 0.04 0.04 0.04]
 [0.04 0.72 0.04 0.04 0.04 0.04 0.04 0.04]
 [0.04 0.04 0.72 0.04 0.04 0.04 0.04 0.04]
 [0.04 0.04 0.04 0.72 0.04 0.04 0.04 0.04]
 [0.04 0.04 0.04 0.04 0.72 0.04 0.04 0.04]
 [0.04 0.04 0.04 0.04 0.04 0.72 0.04 0.04]
 [0.04 0.04 0.04 0.04 0.04 0.04 0.72 0.04]
 [0.04 0.04 0.04 0.04 0.04 0.04 0.04 0.72]]
R: [[0.5 0.  0.  0.  0.  0.  0.  0. ]
 [0.  0.5 0.  0.  0.  0.  0.  0. ]
 [0.5 0.  0.5 0.  0.  0.  0.  0. ]
 [0.  0.5 0.  0.5 0.  0.  0.  0. ]
 [0.  0.  0.5 0.  0.5 0.  0.  0. ]
 [0.  0.  0.  0.5 0.  0.5 0.  0. ]
 [0.  0.  0.  0.  0.5 0.  0.5 0. ]
 [0.  0.  0.  0.  0.  0.5 0.  0.5]
 [0.  0.  0.  0.  0.  0.  0.5 0. ]
 [0.  0.  0.  0.  0.  0.  0.  0.5]]

Generated data:
Generated firings (y): [2 0 5 3 3 4 7 0 7 5 7 6 8 6 8 6 8 6 6 4 6 6 6 2 2 4 2 2 2 2 7 6 6 4 4 4 2
 2 4 4 4 2 2 2 2 9 7 2 2 4 5 6 6 2 2 0 2 0 2 0 2 8 6 4 1 3 3 1 9 7 3 0 0 8
 3 1 1 3 1 1 0 3 3 5 5 5 3 0 2 0 2 5 5 5 7 7 7 5 4 6]... (showing first 100 entries)
Generated states (z): [0 0 5 3 3 2 7 0 5 5 5 6 6 6 6 6 6 6 4 4 6 6 6 0 2 2 2 0 0 0 7 4 4 4 4 2 2
 2 2 2 2 2 2 2 2 7 7 2 2 2 3 6 6 0 0 0 0 0 0 0 0 6 6 4 1 1 1 1 7 7 3 0 0 6
 3 1 1 1 1 1 0 3 3 3 3 3 3 0 0 0 0 5 5 5 5 5 5 5 4 4]... (showing first 100 entries)

Estimated parameters:
Estimated Pi: [array([0.00842595, 0.00688158, 0.01186696, 0.06733776, 0.07723005,
       0.00924664, 0.65681837, 0.16219269]), array([0.00120572, 0.00866544, 0.01056526, 0.44573418, 0.00284429,
       0.36866889, 0.08003968, 0.08227654]), array([0.13220249, 0.01502264, 0.01259715, 0.04056013, 0.0005675 ,
       0.01559338, 0.38172549, 0.40173122]), array([0.01388152, 0.01633612, 0.01613059, 0.03370289, 0.03585056,
       0.81905693, 0.01600646, 0.04903493]), array([7.25904127e-02, 7.71392362e-01, 3.75268679e-02, 3.77331393e-03,
       5.69318292e-04, 2.38671208e-02, 2.18381313e-02, 6.84424735e-02]), array([0.27977362, 0.00039737, 0.03262903, 0.09587879, 0.39563462,
       0.072087  , 0.01432299, 0.10927658]), array([0.0304709 , 0.00420987, 0.32653964, 0.17398528, 0.00801087,
       0.08156132, 0.25109282, 0.12412931]), array([2.67436592e-01, 1.49113837e-01, 7.51701662e-02, 2.18354646e-03,
       4.60854735e-01, 3.96187561e-04, 6.69903758e-03, 3.81458981e-02]), array([6.86435914e-02, 3.16057066e-01, 1.23418490e-01, 1.25682071e-01,
       1.22536240e-01, 2.78487639e-04, 2.38636714e-01, 4.74733999e-03]), array([0.00626625, 0.10886458, 0.08853437, 0.05111349, 0.04727596,
       0.38764695, 0.29849292, 0.01180547])]
Estimated Gamma: [array([[4.06402201e-02, 1.34590498e-01, 7.26735415e-02, 4.81193495e-02,
        1.54967451e-02, 5.37067045e-01, 1.64787830e-02, 1.34933819e-01],
       [9.65174331e-02, 1.66895671e-01, 4.58812046e-01, 1.13630439e-02,
        1.60039545e-01, 2.51918201e-02, 2.07507452e-02, 6.04296962e-02],
       [8.74603642e-03, 3.69609625e-01, 3.60385451e-01, 3.58550456e-02,
        5.32148727e-02, 1.08844768e-01, 1.74470289e-03, 6.15994987e-02],
       [5.10540030e-03, 8.11381667e-02, 5.59912245e-03, 2.83995506e-01,
        1.17428530e-01, 3.78815605e-01, 1.84540490e-02, 1.09463621e-01],
       [2.82854630e-01, 6.69695524e-02, 2.76778984e-02, 2.19426689e-01,
        7.30157386e-03, 3.38364690e-02, 1.45407064e-01, 2.16526124e-01],
       [8.04915944e-02, 1.57293748e-02, 4.14736890e-02, 3.07127251e-02,
        1.29309320e-01, 6.66532196e-01, 9.20992419e-03, 2.65411768e-02],
       [1.26791537e-01, 1.16318673e-03, 7.06544318e-02, 1.96194422e-02,
        1.24329506e-01, 3.83331129e-02, 1.77466219e-01, 4.41642565e-01],
       [2.09247629e-02, 5.94842643e-04, 5.14246856e-02, 1.45530203e-01,
        7.79549429e-03, 1.98044222e-02, 6.29301649e-01, 1.24623941e-01]]), array([[0.30764267, 0.13250096, 0.072468  , 0.02980217, 0.01188398,
        0.06240638, 0.36320125, 0.0200946 ],
       [0.13962504, 0.47570033, 0.02367129, 0.04357172, 0.12193926,
        0.03992775, 0.11907869, 0.03648592],
       [0.08412382, 0.0429148 , 0.74382673, 0.03529263, 0.01936487,
        0.02974305, 0.024586  , 0.02014809],
       [0.01814874, 0.00581629, 0.02981019, 0.62185393, 0.01359746,
        0.1452784 , 0.04363812, 0.12185687],
       [0.06233315, 0.07198705, 0.04342796, 0.04343184, 0.72005583,
        0.00601192, 0.02778056, 0.02497171],
       [0.17010691, 0.08478581, 0.12953427, 0.27514116, 0.03040413,
        0.09263351, 0.13480793, 0.08258628],
       [0.51669623, 0.16938355, 0.15165985, 0.06876542, 0.01950055,
        0.01421366, 0.04009427, 0.01968648],
       [0.03713975, 0.08009294, 0.06075299, 0.13198342, 0.06363097,
        0.24128942, 0.02031414, 0.36479637]]), array([[6.98141826e-01, 2.20411037e-02, 9.54431825e-03, 8.13785657e-02,
        1.24735597e-02, 6.31445003e-02, 2.50383799e-04, 1.13025743e-01],
       [5.49371583e-02, 2.75874235e-01, 8.72984242e-02, 3.99318768e-01,
        1.30297585e-01, 2.74976334e-02, 2.16536469e-02, 3.12254975e-03],
       [1.22269740e-02, 6.94961222e-04, 1.55204040e-01, 1.18268695e-02,
        3.05333563e-01, 3.86783713e-01, 5.58051631e-02, 7.21247164e-02],
       [2.27750419e-01, 5.01939633e-01, 3.50742931e-03, 1.52459727e-01,
        7.08004147e-02, 4.14637051e-04, 2.38316667e-02, 1.92960734e-02],
       [5.40270032e-03, 5.97037288e-02, 5.14569084e-01, 9.18038905e-02,
        2.47072020e-02, 1.90872764e-01, 8.94507745e-03, 1.03995553e-01],
       [9.45509900e-02, 1.38490404e-01, 2.97733834e-01, 1.99487923e-02,
        6.57328761e-02, 3.52121471e-01, 1.18977696e-02, 1.95238624e-02],
       [4.93191701e-02, 1.60704608e-02, 1.27386932e-01, 2.23500099e-02,
        2.08127301e-02, 1.75649657e-02, 3.38750903e-01, 4.07744828e-01],
       [9.67024071e-02, 2.79076272e-02, 4.53259331e-02, 2.80027330e-02,
        8.03035585e-02, 8.56194114e-03, 4.77981857e-01, 2.35213943e-01]]), array([[2.03320409e-01, 6.88044227e-02, 5.79694529e-02, 2.07212077e-01,
        3.37142228e-03, 3.14529021e-01, 1.40215097e-01, 4.57809851e-03],
       [2.75690693e-03, 6.25612768e-01, 9.59508840e-02, 7.51405182e-03,
        4.33677422e-02, 2.38411646e-03, 1.79350378e-02, 2.04478493e-01],
       [2.21999073e-02, 2.51996129e-01, 1.09631549e-01, 3.75941610e-01,
        7.08117825e-02, 1.66583159e-02, 1.03229185e-01, 4.95315216e-02],
       [5.31489787e-02, 2.42215007e-03, 4.71071954e-02, 6.25975142e-01,
        4.97003668e-02, 2.40140447e-02, 3.39706271e-02, 1.63661495e-01],
       [1.06765050e-01, 1.12611307e-01, 1.25007503e-02, 1.12357878e-01,
        2.31559781e-01, 2.01756645e-01, 2.21666972e-01, 7.81616959e-04],
       [7.89747396e-02, 2.26999068e-02, 2.49072923e-03, 2.31206183e-02,
        4.44742347e-02, 7.25967056e-01, 1.99504377e-02, 8.23222775e-02],
       [9.10518636e-03, 2.40852734e-02, 1.39256355e-02, 3.06702034e-02,
        3.84221456e-02, 4.68396245e-02, 7.89818577e-01, 4.71333543e-02],
       [9.15702912e-02, 2.08689575e-01, 7.18090163e-02, 1.20094682e-01,
        1.19944118e-02, 8.49906006e-02, 7.33176943e-02, 3.37533729e-01]]), array([[0.33211041, 0.12039001, 0.14239043, 0.16595348, 0.05781113,
        0.00636228, 0.02939459, 0.14558767],
       [0.04573867, 0.73399999, 0.03452923, 0.01837205, 0.00315169,
        0.05632402, 0.05558901, 0.05229535],
       [0.08789308, 0.00948747, 0.26298896, 0.48242647, 0.03718586,
        0.0202544 , 0.01370828, 0.08605549],
       [0.0634018 , 0.06500332, 0.34207768, 0.34923129, 0.08203426,
        0.00078905, 0.0948524 , 0.00261021],
       [0.01788274, 0.02287751, 0.0167602 , 0.03176641, 0.59293078,
        0.22468038, 0.0210566 , 0.07204539],
       [0.01951095, 0.0147909 , 0.07472342, 0.0866414 , 0.52623727,
        0.01245252, 0.01080411, 0.25483943],
       [0.01716742, 0.02842954, 0.06160155, 0.22570572, 0.03578624,
        0.02045047, 0.5068022 , 0.10405688],
       [0.01485262, 0.12423784, 0.00798959, 0.01006842, 0.07949815,
        0.10105169, 0.14898742, 0.51331427]]), array([[0.20416156, 0.15318541, 0.02984761, 0.41354964, 0.14214269,
        0.00142778, 0.02076199, 0.03492332],
       [0.13807242, 0.45555702, 0.15777847, 0.01836347, 0.00431608,
        0.01758206, 0.19313541, 0.01519508],
       [0.00080939, 0.14441233, 0.24231342, 0.10306677, 0.21122198,
        0.00677122, 0.22079283, 0.07061206],
       [0.45333434, 0.17951724, 0.03092536, 0.12034334, 0.11394448,
        0.03213924, 0.01792093, 0.05187507],
       [0.16430422, 0.15739019, 0.04609905, 0.08823728, 0.15390824,
        0.04478813, 0.0054939 , 0.33977898],
       [0.02888517, 0.0064728 , 0.0202572 , 0.01344832, 0.0112619 ,
        0.60884523, 0.24735464, 0.06347474],
       [0.03762075, 0.30423027, 0.15685793, 0.0037156 , 0.08912128,
        0.20239788, 0.13176432, 0.07429198],
       [0.10640848, 0.00922749, 0.00565753, 0.04432383, 0.32923496,
        0.05151973, 0.08954406, 0.36408393]]), array([[6.51757900e-01, 9.88886343e-02, 4.34369485e-02, 7.39337167e-03,
        1.62650719e-01, 5.06772302e-03, 1.98614188e-02, 1.09432842e-02],
       [1.29832070e-01, 6.92967214e-01, 7.86564320e-02, 3.26904682e-02,
        4.91880958e-03, 1.61062113e-02, 3.21048913e-02, 1.27239031e-02],
       [3.12196951e-02, 5.01059034e-02, 1.98080153e-01, 1.17308107e-01,
        4.07462757e-02, 2.58567300e-01, 2.35276939e-01, 6.86956261e-02],
       [1.25941943e-01, 5.62609494e-02, 1.11732062e-01, 2.28639953e-01,
        1.37489843e-02, 2.31813308e-01, 4.99300351e-02, 1.81932766e-01],
       [3.35504579e-01, 1.82963063e-02, 1.96349172e-02, 6.23942090e-02,
        4.23325364e-01, 2.85558952e-03, 4.10998206e-02, 9.68892146e-02],
       [5.74489948e-02, 9.58958366e-02, 4.30339628e-01, 3.80350938e-02,
        1.11032451e-04, 1.15371685e-02, 1.59150881e-01, 2.07481365e-01],
       [1.86158819e-01, 4.42673534e-02, 3.46089053e-01, 1.12051138e-01,
        8.43233110e-02, 9.65086232e-02, 4.39982195e-02, 8.66034841e-02],
       [6.91714433e-02, 2.84832515e-02, 1.39767293e-01, 1.60009488e-01,
        1.10719949e-01, 1.35221468e-01, 3.26903024e-01, 2.97240832e-02]]), array([[1.93449920e-01, 3.44288153e-01, 1.07005403e-01, 5.69315423e-02,
        6.67457165e-02, 8.54025440e-02, 1.53364182e-02, 1.30840303e-01],
       [7.73504980e-02, 7.68325684e-02, 1.02660198e-01, 1.90503688e-02,
        3.30398279e-01, 3.89846574e-02, 3.42328917e-01, 1.23945141e-02],
       [7.82041263e-02, 1.73563049e-01, 3.90151622e-01, 2.12178787e-02,
        1.87465631e-02, 3.08050802e-02, 8.00854732e-04, 2.86510827e-01],
       [1.75840697e-02, 3.01299636e-02, 1.80894783e-02, 7.51215776e-01,
        6.49589998e-02, 1.02655494e-01, 9.74461094e-03, 5.62160851e-03],
       [9.59472937e-02, 1.76670528e-01, 3.87031984e-02, 1.86050623e-02,
        4.42624805e-01, 2.40459243e-02, 1.10267585e-01, 9.31356034e-02],
       [1.79371816e-02, 5.35548658e-03, 4.68375365e-02, 1.04529212e-01,
        7.65102258e-02, 7.06492873e-02, 6.50848016e-01, 2.73330550e-02],
       [1.13157360e-01, 1.57600676e-02, 1.06562854e-02, 2.67447905e-04,
        2.27249761e-02, 5.69328361e-01, 2.32408174e-01, 3.56973270e-02],
       [3.61674883e-01, 8.08320996e-02, 1.33901127e-01, 4.59107020e-02,
        7.71193070e-02, 2.30447192e-02, 5.67197271e-02, 2.20797435e-01]]), array([[2.61641891e-01, 1.47828177e-01, 2.42546136e-02, 4.79789283e-01,
        4.88534157e-02, 7.26044359e-03, 2.08737931e-02, 9.49838284e-03],
       [2.76959900e-01, 1.63867670e-01, 3.15971369e-02, 3.36772818e-01,
        4.57266748e-02, 1.02924593e-01, 1.11685815e-02, 3.09826263e-02],
       [4.07406594e-03, 2.00568349e-02, 7.32306460e-01, 3.52555795e-02,
        8.81079039e-02, 1.38254069e-02, 7.71528405e-02, 2.92209080e-02],
       [7.59629156e-02, 3.48777425e-01, 2.15430233e-02, 8.34529251e-02,
        2.88107627e-02, 7.46694634e-02, 2.76780574e-01, 9.00029102e-02],
       [7.10820472e-02, 7.30997389e-03, 3.58671117e-01, 1.30717636e-01,
        3.18190741e-01, 2.10969334e-02, 5.00298487e-02, 4.29017033e-02],
       [1.13025401e-02, 2.63010682e-02, 1.12002492e-02, 9.23486248e-02,
        5.47211944e-02, 6.50554416e-01, 6.93186940e-03, 1.46640038e-01],
       [5.34117716e-04, 8.55664173e-02, 1.41909284e-01, 7.53200424e-02,
        1.15534323e-02, 5.77579596e-02, 5.88862924e-01, 3.84958234e-02],
       [3.73561133e-02, 1.21171416e-01, 4.93093521e-02, 2.75889392e-01,
        8.48304517e-02, 3.43595309e-01, 5.74336665e-02, 3.04142991e-02]]), array([[0.55135012, 0.09840115, 0.02158788, 0.08659669, 0.00802402,
        0.13567292, 0.09213434, 0.00623289],
       [0.16414263, 0.44045532, 0.16555254, 0.02781514, 0.03772822,
        0.00290241, 0.10980444, 0.0515993 ],
       [0.03907508, 0.38083843, 0.01234127, 0.23123082, 0.05236217,
        0.09811918, 0.02101907, 0.16501397],
       [0.10486524, 0.29518601, 0.02181954, 0.01800375, 0.14663519,
        0.09934392, 0.03802391, 0.27612244],
       [0.00330147, 0.21112196, 0.00832134, 0.21600471, 0.12157383,
        0.11574942, 0.3142095 , 0.00971777],
       [0.1619277 , 0.19209167, 0.04499947, 0.05864963, 0.01585487,
        0.01031612, 0.37818254, 0.13797801],
       [0.04186543, 0.14580028, 0.00394595, 0.01776428, 0.19421455,
        0.06114777, 0.50654048, 0.02872127],
       [0.01500232, 0.04110889, 0.05546231, 0.04684822, 0.01973479,
        0.01760629, 0.09280711, 0.71143007]])]
Estimated R: [array([[7.09312200e-03, 6.18771580e-03, 1.98652206e-02, 1.04082569e-02,
        3.13654040e-02, 3.40228465e-03, 1.53602003e-01, 2.91392823e-01],
       [2.84860986e-02, 8.42831059e-02, 4.10734524e-01, 1.10491001e-03,
        1.41763423e-02, 3.77777945e-03, 2.96911213e-03, 1.23360352e-02],
       [1.12884804e-02, 8.88210249e-04, 1.05920702e-02, 1.70674002e-01,
        6.10090462e-02, 7.21780908e-03, 5.56642054e-01, 2.63969541e-01],
       [2.64809592e-02, 7.50575411e-01, 2.58797310e-01, 6.39321643e-02,
        1.21646102e-01, 1.97755527e-02, 8.93330322e-03, 5.14516196e-02],
       [2.06541680e-01, 6.55871287e-02, 9.61865345e-02, 1.87117051e-01,
        2.57825546e-01, 1.02568923e-01, 1.56392096e-02, 1.70996318e-01],
       [4.48497812e-01, 4.03500398e-02, 1.30972755e-01, 6.86084629e-02,
        2.20663300e-01, 1.47172983e-02, 2.24750124e-01, 1.07039374e-01],
       [2.35135068e-03, 1.85001554e-02, 4.13037908e-02, 1.09326556e-01,
        9.22949325e-02, 3.33531545e-01, 9.06172705e-03, 1.96072989e-02],
       [8.99940649e-02, 3.28490348e-03, 2.64538011e-03, 1.06145774e-02,
        6.32089550e-02, 3.27327730e-01, 2.28661877e-02, 6.53761871e-02],
       [1.04352831e-01, 2.17204743e-02, 1.35240236e-02, 3.77401070e-01,
        9.92276850e-02, 2.90282118e-02, 1.10305049e-03, 1.74193720e-02],
       [7.49136013e-02, 8.62285533e-03, 1.53783914e-02, 8.12950251e-04,
        3.85826876e-02, 1.58652866e-01, 4.43322884e-03, 4.11430522e-04]]), array([[2.03003293e-03, 5.31697969e-03, 1.31839738e-02, 1.67470863e-01,
        2.90284786e-03, 6.74768231e-03, 2.89691566e-03, 5.33675673e-01],
       [1.16213365e-01, 5.93150914e-02, 5.89196329e-03, 8.46274094e-03,
        7.52963571e-03, 2.52926848e-02, 2.87118465e-01, 1.42184765e-02],
       [6.89566341e-03, 4.17733738e-03, 4.87058903e-03, 5.09954188e-01,
        3.37663832e-03, 5.72981640e-01, 4.21914591e-02, 4.91532949e-02],
       [4.89840457e-01, 1.24265889e-01, 5.20563331e-02, 1.34461903e-02,
        1.15472901e-02, 4.47404495e-02, 1.26987799e-01, 2.04128377e-03],
       [1.35163526e-01, 1.01593832e-02, 1.58374048e-01, 2.64398065e-01,
        3.10407947e-02, 2.47439703e-02, 1.11812065e-01, 1.93201059e-01],
       [1.66963402e-01, 3.51980229e-01, 7.10905838e-04, 1.85178636e-02,
        1.10056430e-03, 2.12095805e-01, 3.36411678e-01, 2.46398652e-04],
       [3.46288475e-02, 5.67084153e-02, 4.75251016e-01, 2.62023254e-03,
        7.68876100e-03, 8.53355465e-02, 5.06082303e-02, 4.12509192e-02],
       [4.36460908e-02, 3.74839216e-01, 2.48253689e-03, 6.55163645e-03,
        4.58287976e-01, 9.83241801e-03, 3.66020294e-02, 1.25361830e-01],
       [9.93222418e-04, 6.83719827e-04, 2.85649705e-01, 3.97947278e-03,
        2.05066223e-03, 1.61508455e-02, 4.90275462e-03, 7.20052044e-03],
       [3.62539356e-03, 1.25537394e-02, 1.52893005e-03, 4.59874794e-03,
        4.74474830e-01, 2.07895839e-03, 4.68603971e-04, 3.36505448e-02]]), array([[4.68529353e-02, 2.49540593e-03, 2.59682084e-02, 9.68187121e-03,
        3.20881626e-02, 2.48891683e-03, 2.03262479e-01, 2.11635943e-01],
       [1.78967938e-02, 7.97469117e-03, 4.71515256e-03, 5.54339473e-03,
        5.05176817e-04, 1.14347107e-02, 1.48614209e-01, 3.28243533e-01],
       [3.41855628e-01, 4.30474310e-03, 1.03180688e-02, 3.66102432e-02,
        4.71929825e-03, 1.33825790e-02, 1.83539643e-01, 2.60200215e-01],
       [2.43286900e-02, 1.38640628e-02, 1.76476771e-01, 2.61617642e-02,
        3.35768266e-01, 2.65514717e-02, 4.02593159e-01, 1.29511509e-01],
       [5.02167943e-01, 1.69647796e-01, 1.24695115e-04, 1.99865422e-03,
        1.35319859e-02, 3.69312292e-02, 4.35510466e-03, 1.66238544e-03],
       [5.51493301e-03, 4.84695415e-02, 3.53593432e-01, 1.01176710e-02,
        7.49004413e-02, 3.95700562e-01, 2.40996062e-02, 3.00293116e-02],
       [4.78508242e-02, 3.53472067e-01, 1.64220792e-02, 7.00964251e-01,
        6.30918768e-02, 9.20301621e-03, 1.48889021e-02, 3.59066554e-03],
       [2.75699349e-04, 6.06296159e-02, 2.33148137e-01, 1.77796653e-02,
        2.70266850e-01, 4.03843737e-01, 2.52976180e-03, 2.89412468e-03],
       [6.88497181e-03, 2.61748437e-01, 1.92969707e-02, 1.63562121e-01,
        5.99328740e-02, 1.88043377e-02, 1.41565974e-02, 3.21208932e-02],
       [6.37158227e-03, 7.73936393e-02, 1.59936484e-01, 2.75803646e-02,
        1.45195069e-01, 8.16594397e-02, 1.96053875e-03, 1.11419601e-04]]), array([[6.73007557e-02, 6.41554745e-03, 1.22103710e-02, 3.93505538e-03,
        1.44959381e-01, 2.22269968e-01, 4.16614840e-03, 5.89519767e-02],
       [2.85598204e-02, 2.13343055e-01, 1.51861710e-01, 2.21296416e-03,
        7.75471184e-02, 2.78343410e-02, 4.66896343e-03, 8.53171393e-02],
       [9.84879993e-02, 3.90569195e-03, 1.75953489e-03, 2.02428370e-02,
        3.96583929e-02, 5.45342602e-01, 2.13918485e-02, 3.19886638e-02],
       [6.49967205e-02, 6.08771441e-01, 2.16283846e-01, 2.18828608e-02,
        1.34514481e-01, 1.25667064e-03, 7.88069719e-03, 6.56952889e-02],
       [4.77671856e-01, 2.65987097e-04, 3.84682892e-02, 3.33400847e-02,
        1.90298892e-01, 1.78664623e-01, 2.07621396e-01, 2.85592688e-02],
       [4.69162919e-02, 1.28218730e-01, 2.62426919e-01, 8.33866374e-02,
        2.79030478e-02, 7.92766524e-03, 4.99997425e-03, 5.67215381e-01],
       [5.58412859e-02, 3.11871995e-03, 4.00459874e-02, 2.18716940e-02,
        7.17686386e-03, 2.12885875e-03, 5.20192708e-01, 4.69540665e-02],
       [4.56610942e-02, 2.97510479e-02, 1.86587972e-01, 5.97219146e-01,
        1.00934492e-01, 1.01824558e-02, 4.41954939e-03, 1.21191043e-02],
       [3.44233579e-03, 7.47506404e-04, 8.19423266e-03, 3.21192801e-03,
        2.31514435e-01, 2.72976510e-03, 2.24608328e-01, 1.25682725e-02],
       [1.11121840e-01, 5.46227309e-03, 8.21611367e-02, 2.12696792e-01,
        4.54928952e-02, 1.66305020e-03, 5.03860894e-05, 9.06308378e-02]]), array([[6.87318056e-02, 3.29113312e-01, 7.12310851e-03, 8.34544359e-03,
        6.98873404e-03, 1.89230051e-02, 3.63362903e-03, 7.58711790e-03],
       [5.29061453e-01, 6.13645118e-04, 1.44049679e-01, 8.95073448e-02,
        3.61050959e-04, 1.80636572e-03, 3.52906885e-03, 1.17443308e-02],
       [5.92346153e-02, 5.04655158e-01, 1.03863428e-02, 1.25157767e-03,
        2.96038437e-02, 3.30453669e-02, 4.47162226e-02, 1.77477851e-01],
       [1.02702909e-01, 1.82853985e-02, 4.34702122e-01, 3.79738579e-01,
        5.21686379e-03, 9.23636811e-03, 2.73315011e-02, 1.01517828e-02],
       [1.44517974e-02, 6.12512164e-02, 1.53335308e-02, 7.01911824e-03,
        9.89795424e-02, 5.72846957e-01, 9.76653685e-03, 3.66672751e-01],
       [1.01282466e-01, 1.90349374e-02, 2.76564411e-01, 3.90055442e-01,
        6.36134551e-03, 3.50019366e-04, 1.56610841e-01, 2.15770248e-02],
       [2.94056004e-02, 5.07848212e-03, 2.24039997e-02, 2.04370071e-02,
        5.91161847e-01, 1.32108242e-01, 5.18906058e-03, 6.21986683e-03],
       [2.79214210e-03, 5.12883901e-02, 6.20709296e-02, 7.12588750e-02,
        2.10403413e-02, 3.52318871e-03, 6.43479818e-01, 1.47583662e-01],
       [6.68410485e-02, 9.60018047e-03, 1.69427748e-03, 1.49132616e-02,
        2.25965617e-01, 1.55722665e-01, 9.86638292e-03, 1.02349670e-02],
       [2.54961628e-02, 1.07928067e-03, 2.56715987e-02, 1.74733518e-02,
        1.43208145e-02, 7.24378210e-02, 9.58769395e-02, 2.40750646e-01]]), array([[1.05387543e-01, 7.51525913e-03, 1.47060116e-02, 2.58927279e-01,
        6.77528510e-02, 2.04257200e-03, 1.04971848e-02, 8.73561936e-02],
       [2.56819794e-03, 2.70038976e-03, 1.95332979e-03, 2.45277790e-03,
        5.32782451e-03, 4.96145624e-01, 1.30752076e-02, 3.91578159e-02],
       [2.07526476e-01, 2.29955007e-03, 4.49044674e-02, 3.30588711e-02,
        4.65011422e-01, 3.98687753e-02, 9.12877314e-03, 2.21906288e-01],
       [1.58428563e-02, 3.80293055e-02, 5.08305672e-02, 4.30595812e-03,
        1.90140566e-02, 4.28112808e-01, 5.24483420e-01, 1.42633874e-02],
       [2.94550873e-02, 5.40604912e-02, 1.04850291e-01, 7.26945716e-02,
        1.59717057e-01, 1.85690494e-02, 3.71086664e-02, 5.66728530e-01],
       [7.78819808e-02, 3.72226864e-01, 2.33908066e-01, 1.07007270e-01,
        2.53236234e-02, 4.19669486e-03, 3.13096460e-02, 8.03617285e-03],
       [4.05211043e-02, 1.37435690e-01, 4.37371087e-01, 5.17460436e-03,
        1.46989062e-01, 6.75042596e-03, 2.78783867e-01, 2.36958450e-02],
       [3.96473515e-01, 4.56030259e-03, 9.51018188e-03, 4.55175832e-01,
        9.02045919e-02, 1.56643006e-04, 4.82687594e-02, 4.76731881e-03],
       [9.47145788e-03, 2.36968513e-01, 6.77901296e-02, 9.18217846e-03,
        9.52624351e-03, 3.95045247e-03, 4.08407710e-02, 1.16903376e-03],
       [1.14871781e-01, 1.44203634e-01, 3.41758693e-02, 5.20206572e-02,
        1.11332670e-02, 2.06954956e-04, 6.50370428e-03, 3.29194146e-02]]), array([[2.77490462e-03, 2.76328104e-04, 2.23824170e-01, 1.04904830e-01,
        5.46718574e-04, 2.26802257e-01, 5.41883199e-02, 9.38111184e-02],
       [6.08818907e-03, 3.16662790e-03, 1.85778858e-02, 2.82786979e-01,
        7.52601787e-02, 1.58964179e-02, 8.50267173e-02, 3.34509240e-01],
       [3.11735887e-03, 9.85899370e-03, 1.91625382e-01, 1.98211247e-01,
        1.25954855e-02, 3.77267820e-01, 4.42677247e-01, 2.77479143e-01],
       [7.34338283e-03, 1.93478084e-01, 2.55981284e-01, 1.83665140e-01,
        2.81108017e-02, 3.31301134e-01, 1.78732403e-01, 2.65163144e-02],
       [2.20228925e-01, 1.10275731e-02, 1.85851313e-01, 8.88784170e-02,
        1.17310069e-01, 4.90165849e-03, 1.02267567e-01, 1.08279163e-01],
       [4.51478299e-02, 5.46496605e-01, 7.36847594e-02, 3.52223940e-02,
        2.75391277e-03, 1.33538491e-02, 2.24479348e-02, 3.19387179e-02],
       [2.68926648e-01, 1.63276169e-02, 1.87049150e-02, 1.39632725e-02,
        3.03582126e-01, 1.41145477e-02, 5.40549922e-02, 1.85141339e-02],
       [3.15477920e-01, 9.88616745e-02, 9.84009602e-03, 5.53094879e-02,
        3.87254492e-02, 7.10286166e-03, 4.11586296e-02, 1.51811884e-02],
       [9.77839354e-02, 1.16541368e-01, 1.80546340e-02, 1.54077145e-02,
        4.38158258e-02, 4.33443819e-03, 1.15396550e-02, 6.25156618e-02],
       [3.31109068e-02, 3.96512913e-03, 3.85556088e-03, 2.16505184e-02,
        3.77299433e-01, 4.92501613e-03, 7.90653428e-03, 3.12553194e-02]]), array([[4.61873238e-02, 2.34863181e-01, 3.16606309e-02, 8.76535414e-03,
        2.18477579e-01, 2.36591994e-02, 1.71230785e-03, 1.49864040e-02],
       [3.25055089e-02, 2.72320589e-02, 3.00084387e-01, 7.04444344e-03,
        5.47236767e-03, 3.99227328e-03, 1.96168241e-03, 3.67052429e-01],
       [2.80512897e-01, 9.50684522e-02, 8.54195622e-02, 5.92674463e-03,
        4.05597013e-01, 5.24125100e-03, 7.68662352e-02, 1.27581906e-01],
       [4.02843962e-01, 2.29130789e-01, 1.84642971e-01, 6.29880426e-03,
        1.02589887e-01, 8.86994727e-02, 3.32325868e-02, 1.48947365e-01],
       [1.35927814e-01, 3.29574422e-01, 3.48056853e-01, 2.44231860e-03,
        2.29528691e-02, 1.21602587e-01, 1.79191704e-02, 3.04927415e-01],
       [2.09959647e-02, 1.48642422e-02, 6.58246003e-03, 4.17874040e-02,
        1.46873464e-01, 1.95758576e-01, 2.98005338e-01, 1.06155714e-02],
       [3.91578251e-02, 2.61881538e-02, 3.79097943e-02, 6.15462040e-03,
        5.13914710e-02, 1.78020157e-01, 3.74131775e-01, 4.03233774e-04],
       [1.87269996e-02, 6.83903953e-03, 2.41320488e-03, 5.07958625e-01,
        3.38127510e-02, 1.66981406e-01, 8.80199363e-02, 1.89997896e-02],
       [2.29140262e-02, 2.78531017e-02, 1.85853256e-03, 1.56375744e-03,
        1.05095403e-03, 2.01516302e-01, 1.07743784e-01, 3.53666312e-03],
       [2.27679117e-04, 8.38655948e-03, 1.37160379e-03, 4.12057928e-01,
        1.17816452e-02, 1.45287759e-02, 4.07184629e-04, 2.94922424e-03]]), array([[1.14025715e-01, 8.04556843e-02, 5.40442815e-02, 1.16524923e-01,
        2.42123975e-01, 4.29120280e-03, 8.30969991e-05, 2.52345603e-02],
       [3.93670150e-03, 1.98947105e-03, 2.41744252e-01, 6.01285833e-03,
        6.65781657e-02, 8.52925434e-04, 5.74629637e-03, 1.45412131e-03],
       [1.48303656e-01, 4.45718246e-01, 4.32958491e-02, 1.97816474e-01,
        8.44565106e-02, 1.93865287e-03, 1.44624869e-01, 7.52754130e-04],
       [2.72598806e-03, 1.49528064e-02, 3.95942475e-01, 1.37431597e-02,
        3.88254259e-01, 6.98884966e-04, 1.72339445e-02, 3.66791510e-02],
       [6.32527705e-01, 1.58453506e-01, 1.47180415e-04, 3.62311109e-01,
        6.23020548e-02, 2.37878332e-02, 1.35478970e-02, 5.45942599e-02],
       [5.45236809e-03, 2.44604084e-02, 2.34347040e-01, 6.75806540e-02,
        5.00703447e-02, 1.58359617e-02, 2.80948159e-01, 1.15992431e-01],
       [4.95736323e-02, 1.47789792e-01, 5.26890499e-03, 3.00096089e-02,
        5.01576488e-02, 4.40674268e-01, 8.86182948e-05, 4.55547509e-01],
       [1.75246275e-02, 6.67745613e-02, 1.79739540e-02, 8.57018415e-02,
        5.23328944e-03, 8.11975240e-02, 4.76333669e-01, 1.03146226e-01],
       [2.24762925e-02, 2.30440466e-02, 1.24431851e-03, 1.66542890e-02,
        4.90317425e-02, 2.97163841e-01, 1.75344978e-04, 6.97908542e-02],
       [3.45331391e-03, 3.63614783e-02, 5.99174456e-03, 1.03645081e-01,
        1.79200948e-03, 1.33558906e-01, 6.12181048e-02, 1.36808132e-01]]), array([[4.25834749e-03, 1.15296868e-01, 9.46118787e-02, 1.35229848e-02,
        1.49152269e-02, 2.93419512e-02, 1.30492886e-01, 1.91224159e-02],
       [7.56593245e-02, 1.25130258e-02, 2.50295822e-02, 1.16068490e-01,
        1.46731754e-01, 1.80710530e-01, 7.08369029e-02, 2.14109758e-02],
       [1.72944807e-02, 1.66664258e-01, 1.15665390e-01, 4.80369269e-02,
        6.59695583e-02, 3.70545765e-01, 2.49989607e-01, 2.43827466e-03],
       [5.65774411e-02, 9.75646678e-02, 2.52154041e-02, 8.33150793e-02,
        1.76542645e-01, 9.65843322e-02, 3.13133454e-01, 3.76790297e-02],
       [6.55232347e-01, 5.57342668e-02, 1.27850188e-02, 9.67135961e-02,
        8.41978527e-02, 5.47965517e-02, 7.34922173e-03, 6.92760421e-03],
       [1.05424803e-03, 4.50626906e-02, 2.31199926e-02, 1.54146930e-01,
        3.60050619e-01, 9.93339201e-02, 1.85006325e-01, 1.77817742e-01],
       [1.42570717e-01, 2.90634918e-01, 4.39230522e-01, 2.02427350e-01,
        1.50524108e-02, 2.39273903e-02, 1.58512272e-02, 5.94826166e-03],
       [2.10607142e-03, 2.27801740e-03, 2.27150535e-01, 7.56919737e-02,
        2.04179832e-02, 6.57861617e-02, 2.51512862e-02, 5.07660836e-01],
       [3.98261290e-02, 1.89289384e-01, 1.23205005e-02, 8.78356721e-02,
        8.55769238e-02, 5.97538451e-02, 7.84292154e-05, 8.94700106e-04],
       [5.42089373e-03, 2.49619038e-02, 2.48711764e-02, 1.22240997e-01,
        3.05450266e-02, 1.92195533e-02, 2.11066130e-03, 2.20100161e-01]])]

