Complexity increased keeping gamma very unbalanced, and increasing K (K=5)
==================================================

N (neurons): 3
K (states): 5
T (time steps): 100000
Seed: None
Number of repetitions: 10

Initialization of parameters for HMM:
Pi: [1 0 0 0 0]
Gamma: [[0.8  0.05 0.05 0.05 0.05]
 [0.05 0.8  0.05 0.05 0.05]
 [0.05 0.05 0.8  0.05 0.05]
 [0.05 0.05 0.05 0.8  0.05]
 [0.05 0.05 0.05 0.05 0.8 ]]
R: [[0.5        0.         0.5        0.         0.33333333]
 [0.         0.5        0.5        0.         0.        ]
 [0.5        0.         0.         0.5        0.33333333]
 [0.         0.5        0.         0.5        0.33333333]]

Generated data:
Generated firings (y): [0 2 0 2 3 0 1 0 0 1 3 3 2 3 2 3 3 3 2 1 3 1 1 3 2 3 3 2 2 3 3 2 3 3 2 2 2
 1 0 0 3 1 1 1 1 1 1 1 0 1 3 2 3 3 2 0 0 1 3 2 2 0 2 0 0 0 2 2 2 2 3 3 2 0
 0 1 0 1 0 1 3 2 3 2 2 0 2 0 3 2 3 2 0 2 2 2 0 2 0 0]... (showing first 100 entries)
Generated states (z): [0 0 0 0 4 4 2 2 2 2 3 3 3 3 3 3 3 3 3 1 1 1 1 1 3 3 3 3 3 3 3 3 3 3 3 3 3
 2 2 2 3 2 2 2 2 2 2 2 2 2 3 3 3 3 0 0 0 1 4 4 4 4 4 4 4 4 0 0 3 3 3 3 0 0
 0 2 2 2 2 2 3 3 3 3 0 0 0 4 4 4 4 4 0 0 0 0 0 0 0 0]... (showing first 100 entries)

Estimated parameters:
Estimated Pi: [array([0.03748917, 0.18913042, 0.50458661, 0.20941473, 0.05937907]), array([0.76711044, 0.04692441, 0.11130401, 0.01621486, 0.05844627]), array([0.01190751, 0.1091435 , 0.29412325, 0.23441502, 0.35041072]), array([0.33843459, 0.15030348, 0.27135872, 0.1477177 , 0.09218551]), array([0.06293473, 0.41621126, 0.30538389, 0.09504531, 0.12042481]), array([0.57469374, 0.04868268, 0.03238628, 0.04650484, 0.29773245]), array([0.0305345 , 0.430366  , 0.11020612, 0.32675628, 0.1021371 ]), array([0.39057876, 0.19904287, 0.24550018, 0.03575781, 0.12912038]), array([0.30886034, 0.41009377, 0.08349935, 0.01718076, 0.18036578]), array([0.21207281, 0.35111841, 0.01935319, 0.02506283, 0.39239276])]
Estimated Gamma: [array([[0.15937272, 0.42174485, 0.13930215, 0.14753483, 0.13204544],
       [0.0936488 , 0.67676628, 0.0931993 , 0.0770399 , 0.05934573],
       [0.04524922, 0.08896056, 0.38054571, 0.03191079, 0.45333372],
       [0.17311443, 0.09033707, 0.10156803, 0.10657753, 0.52840294],
       [0.02386084, 0.3216802 , 0.26311851, 0.14825285, 0.24308761]]), array([[0.62216807, 0.04533877, 0.11805151, 0.06427864, 0.150163  ],
       [0.16886259, 0.52812972, 0.02853683, 0.13608454, 0.13838632],
       [0.07876344, 0.00720087, 0.38673697, 0.24300805, 0.28429067],
       [0.11226666, 0.09712306, 0.18794375, 0.56650175, 0.03616478],
       [0.26048783, 0.21362718, 0.07153165, 0.34271714, 0.1116362 ]]), array([[0.22950868, 0.10847441, 0.0511599 , 0.46791977, 0.14293724],
       [0.08627706, 0.03491734, 0.17748519, 0.46385725, 0.23746316],
       [0.13038092, 0.0542618 , 0.6044042 , 0.07794314, 0.13300993],
       [0.29453486, 0.19098767, 0.23740505, 0.25330283, 0.02376958],
       [0.09975637, 0.09587811, 0.68315483, 0.08894412, 0.03226657]]), array([[0.08727232, 0.01474511, 0.18654298, 0.29186524, 0.41957436],
       [0.16058741, 0.07633284, 0.59134531, 0.14027854, 0.0314559 ],
       [0.06092032, 0.43019347, 0.37139424, 0.08695086, 0.05054112],
       [0.25810474, 0.04623003, 0.14728255, 0.33472509, 0.21365759],
       [0.08784477, 0.0983308 , 0.02818129, 0.38237666, 0.40326647]]), array([[0.08444967, 0.19451087, 0.26075926, 0.29206539, 0.16821481],
       [0.15197089, 0.09328478, 0.14031376, 0.55008213, 0.06434844],
       [0.17987528, 0.00447495, 0.3616521 , 0.04783111, 0.40616655],
       [0.42424682, 0.18686478, 0.14460147, 0.21863332, 0.02565361],
       [0.05077789, 0.26376699, 0.1443458 , 0.17159169, 0.36951763]]), array([[0.1624639 , 0.44390863, 0.13003221, 0.14959165, 0.11400361],
       [0.03120869, 0.48742612, 0.15807508, 0.2358305 , 0.08745961],
       [0.47269285, 0.03563439, 0.40846118, 0.05281705, 0.03039453],
       [0.42761013, 0.06144498, 0.01719364, 0.3842964 , 0.10945485],
       [0.39561878, 0.02204703, 0.11796377, 0.33537379, 0.12899663]]), array([[0.3816378 , 0.12953957, 0.09126266, 0.15689901, 0.24066095],
       [0.18494041, 0.4335216 , 0.16910134, 0.04335767, 0.16907898],
       [0.16281761, 0.04238933, 0.1750103 , 0.44231439, 0.17746837],
       [0.04082648, 0.12718601, 0.44106465, 0.31028014, 0.08064271],
       [0.2659766 , 0.07143386, 0.2184368 , 0.20105661, 0.24309613]]), array([[0.51933444, 0.04996012, 0.07408249, 0.22510279, 0.13152016],
       [0.01305919, 0.30591797, 0.04002988, 0.30885758, 0.33213538],
       [0.1695047 , 0.07307513, 0.25907801, 0.42518748, 0.07315469],
       [0.18725705, 0.2143868 , 0.30388259, 0.14632374, 0.14814982],
       [0.03394319, 0.0562747 , 0.03125678, 0.40881516, 0.46971017]]), array([[1.33747696e-01, 5.56143175e-01, 1.48622089e-01, 1.02762821e-01,
        5.87242183e-02],
       [6.41514208e-01, 9.94268393e-02, 1.20406044e-02, 2.54536683e-02,
        2.21564680e-01],
       [1.69731007e-02, 1.85867217e-01, 1.06687489e-01, 5.04478879e-01,
        1.85993314e-01],
       [3.96854041e-02, 1.23885665e-01, 1.67583048e-01, 6.47038639e-01,
        2.18072438e-02],
       [2.00394461e-04, 1.08540883e-01, 7.12322682e-02, 8.20035256e-02,
        7.38022929e-01]]), array([[0.59108579, 0.01996106, 0.01954463, 0.10451695, 0.26489156],
       [0.25580098, 0.02577136, 0.2469998 , 0.07736573, 0.39406213],
       [0.16637457, 0.00893313, 0.10777507, 0.16622474, 0.55069248],
       [0.36251606, 0.13370391, 0.28349393, 0.18862559, 0.03166051],
       [0.22138253, 0.09533443, 0.20502232, 0.36741769, 0.11084303]])]
Estimated R: [array([[0.01545382, 0.22650253, 0.39337379, 0.34562195, 0.28202012],
       [0.66321887, 0.29657156, 0.01129237, 0.20687516, 0.01284251],
       [0.28040252, 0.14911619, 0.45253338, 0.0457686 , 0.41965736],
       [0.04092479, 0.32780972, 0.14280046, 0.40173428, 0.28548001]]), array([[0.46201103, 0.02597826, 0.18901967, 0.24123923, 0.2591857 ],
       [0.03330302, 0.14571308, 0.07666914, 0.47147669, 0.1767475 ],
       [0.38815516, 0.15431817, 0.40309892, 0.03084712, 0.49560725],
       [0.11653079, 0.6739905 , 0.33121227, 0.25643696, 0.06845954]]), array([[0.1014979 , 0.11629319, 0.31625322, 0.31363016, 0.37747782],
       [0.50348892, 0.51052301, 0.02340129, 0.19696291, 0.0619135 ],
       [0.28387691, 0.10912628, 0.42977191, 0.01051544, 0.34317088],
       [0.11113628, 0.26405751, 0.23057358, 0.47889149, 0.2174378 ]]), array([[0.50167135, 0.30090545, 0.33451015, 0.25467501, 0.01659758],
       [0.05752825, 0.44675338, 0.35242604, 0.06753706, 0.08143622],
       [0.10336388, 0.0764676 , 0.05322512, 0.47087018, 0.53278384],
       [0.33743651, 0.17587357, 0.25983868, 0.20691776, 0.36918236]]), array([[0.14496192, 0.21209609, 0.44993701, 0.11053698, 0.39986404],
       [0.34603787, 0.22250978, 0.19378539, 0.18895319, 0.06965999],
       [0.20572396, 0.03125379, 0.17939564, 0.35210831, 0.48863828],
       [0.30327624, 0.53414034, 0.17688196, 0.34840152, 0.0418377 ]]), array([[0.39844545, 0.08075129, 0.18769279, 0.26368455, 0.54123464],
       [0.08880251, 0.26886061, 0.61043422, 0.02716593, 0.05254093],
       [0.12168123, 0.28214591, 0.02081219, 0.54762496, 0.36667065],
       [0.39107081, 0.3682422 , 0.1810608 , 0.16152456, 0.03955378]]), array([[0.47475528, 0.21359527, 0.17170554, 0.24249007, 0.22587167],
       [0.33640947, 0.7290107 , 0.00666932, 0.01850133, 0.13664973],
       [0.10296943, 0.01715261, 0.48765658, 0.34565169, 0.25729357],
       [0.08586582, 0.04024142, 0.33396856, 0.39335691, 0.38018504]]), array([[0.37753796, 0.141355  , 0.47034653, 0.23273406, 0.1526905 ],
       [0.36005681, 0.07818704, 0.2632721 , 0.27216299, 0.0101183 ],
       [0.21840442, 0.14625552, 0.03863975, 0.22731822, 0.58200511],
       [0.04400082, 0.63420244, 0.22774162, 0.26778473, 0.2551861 ]]), array([[0.50436933, 0.38822192, 0.03667005, 0.06727204, 0.32093962],
       [0.03756837, 0.21461209, 0.05713244, 0.22025116, 0.30792852],
       [0.4342805 , 0.28437175, 0.54303808, 0.22881693, 0.10957356],
       [0.0237818 , 0.11279423, 0.36315943, 0.48365987, 0.26155831]]), array([[0.22863085, 0.62375229, 0.10844841, 0.06798303, 0.48748219],
       [0.01979808, 0.17381906, 0.60108697, 0.33492074, 0.1552795 ],
       [0.54502854, 0.11558416, 0.01684044, 0.24554751, 0.01486642],
       [0.20654253, 0.08684448, 0.27362418, 0.35154873, 0.34237188]])]

