{
 "cells": [
  {
   "cell_type": "code",
   "execution_count": 1,
   "metadata": {},
   "outputs": [],
   "source": [
    "import gibbs\n",
    "import numpy as np"
   ]
  },
  {
   "cell_type": "code",
   "execution_count": 2,
   "metadata": {},
   "outputs": [
    {
     "name": "stdout",
     "output_type": "stream",
     "text": [
      "Data is generated according to an HMM with the following parameters:\n",
      "Pi:\n",
      " [1 0]\n",
      "Gamma:\n",
      " [[0.9 0.1]\n",
      " [0.1 0.9]]\n",
      "R:\n",
      " [[0.5 0. ]\n",
      " [0.  0.5]\n",
      " [0.5 0. ]\n",
      " [0.  0.5]]\n",
      "100000 data points are generated, which are:\n",
      "Generated firings: [2 2 2 ... 3 3 3]\n",
      "Generated states: [0 0 0 ... 1 1 1]\n",
      "Rep 0...\n",
      "##########################\n",
      "Estimated values for the parameters\n",
      "Estimated Pi =  [0.06333452 0.93666548]\n",
      "Estimated Gamma =  [[0.84926161 0.15073839]\n",
      " [0.18087037 0.81912963]]\n",
      "Estimated R =  [[0.11479527 0.41674246]\n",
      " [0.45234064 0.010997  ]\n",
      " [0.01291776 0.53239702]\n",
      " [0.41994633 0.03986353]]\n",
      "Rep 1...\n",
      "##########################\n",
      "Estimated values for the parameters\n",
      "Estimated Pi =  [0.38504813 0.61495187]\n",
      "Estimated Gamma =  [[0.50322016 0.49677984]\n",
      " [0.2783632  0.7216368 ]]\n",
      "Estimated R =  [[0.15375929 0.30726117]\n",
      " [0.63601526 0.03596454]\n",
      " [0.12788438 0.31671088]\n",
      " [0.08234107 0.3400634 ]]\n",
      "Rep 2...\n",
      "##########################\n",
      "Estimated values for the parameters\n",
      "Estimated Pi =  [0.36611262 0.63388738]\n",
      "Estimated Gamma =  [[0.80682753 0.19317247]\n",
      " [0.84093275 0.15906725]]\n",
      "Estimated R =  [[0.23781899 0.31605157]\n",
      " [0.30542508 0.01169323]\n",
      " [0.22865477 0.33714754]\n",
      " [0.22810116 0.33510767]]\n",
      "Rep 3...\n",
      "##########################\n",
      "Estimated values for the parameters\n",
      "Estimated Pi =  [0.90008535 0.09991465]\n",
      "Estimated Gamma =  [[0.91241277 0.08758723]\n",
      " [0.14286764 0.85713236]]\n",
      "Estimated R =  [[0.39295836 0.02232232]\n",
      " [0.1079751  0.4853242 ]\n",
      " [0.39565163 0.01099503]\n",
      " [0.10341491 0.48135844]]\n",
      "Rep 4...\n",
      "##########################\n",
      "Estimated values for the parameters\n",
      "Estimated Pi =  [0.5327509 0.4672491]\n",
      "Estimated Gamma =  [[0.63506187 0.36493813]\n",
      " [0.70939298 0.29060702]]\n",
      "Estimated R =  [[0.13895825 0.47213953]\n",
      " [0.20737749 0.33578831]\n",
      " [0.28949749 0.17121801]\n",
      " [0.36416677 0.02085415]]\n",
      "Rep 5...\n",
      "##########################\n",
      "Estimated values for the parameters\n",
      "Estimated Pi =  [0.75308156 0.24691844]\n",
      "Estimated Gamma =  [[0.34537633 0.65462367]\n",
      " [0.47824357 0.52175643]]\n",
      "Estimated R =  [[0.19995867 0.28981111]\n",
      " [0.23132273 0.26627284]\n",
      " [0.32854029 0.19099854]\n",
      " [0.24017831 0.25291751]]\n",
      "Rep 6...\n",
      "##########################\n",
      "Estimated values for the parameters\n",
      "Estimated Pi =  [0.73506291 0.26493709]\n",
      "Estimated Gamma =  [[0.87532067 0.12467933]\n",
      " [0.11278951 0.88721049]]\n",
      "Estimated R =  [[0.44519758 0.07768984]\n",
      " [0.00843001 0.46907082]\n",
      " [0.51965996 0.00544605]\n",
      " [0.02671245 0.44779329]]\n",
      "Rep 7...\n",
      "##########################\n",
      "Estimated values for the parameters\n",
      "Estimated Pi =  [0.27355466 0.72644534]\n",
      "Estimated Gamma =  [[0.73291899 0.26708101]\n",
      " [0.63222617 0.36777383]]\n",
      "Estimated R =  [[0.20572843 0.36225304]\n",
      " [0.35227618 0.01196734]\n",
      " [0.21835138 0.32367242]\n",
      " [0.22364402 0.3021072 ]]\n",
      "Rep 8...\n",
      "##########################\n",
      "Estimated values for the parameters\n",
      "Estimated Pi =  [0.98332013 0.01667987]\n",
      "Estimated Gamma =  [[0.89854368 0.10145632]\n",
      " [0.10153663 0.89846337]]\n",
      "Estimated R =  [[0.49443088 0.00873422]\n",
      " [0.009216   0.49362113]\n",
      " [0.47881842 0.01860079]\n",
      " [0.0175347  0.47904386]]\n",
      "Rep 9...\n",
      "##########################\n",
      "Estimated values for the parameters\n",
      "Estimated Pi =  [0.73112314 0.26887686]\n",
      "Estimated Gamma =  [[0.61938332 0.38061668]\n",
      " [0.31216087 0.68783913]]\n",
      "Estimated R =  [[0.47898404 0.06553072]\n",
      " [0.19867641 0.2933447 ]\n",
      " [0.28483558 0.22001998]\n",
      " [0.03750397 0.4211046 ]]\n"
     ]
    }
   ],
   "source": [
    "N = 3  # neurons\n",
    "K = 2  # states\n",
    "T = 100000  # time steps\n",
    "seed = None #1234 \n",
    "num_rep = 10\n",
    "\n",
    "\n",
    "pi=np.array([1,0])\n",
    "\n",
    "gamma=np.array([[0.9,0.1],\n",
    "                [0.1,0.9]])\n",
    "\n",
    "r=np.array([[1,0],\n",
    "            [0,1],\n",
    "            [1,0],\n",
    "            [0,1]])\n",
    "\n",
    "\n",
    "type_run = \"Complexity increased keeping gamma very unbalanced, and increasing K (K=2)\"\n",
    "\n",
    "\n",
    "gibbs.run_simulation(T, N, K, seed, num_rep, pi, gamma, r, type_run)"
   ]
  },
  {
   "cell_type": "code",
   "execution_count": 3,
   "metadata": {},
   "outputs": [
    {
     "name": "stdout",
     "output_type": "stream",
     "text": [
      "Data is generated according to an HMM with the following parameters:\n",
      "Pi:\n",
      " [1 0 0 0]\n",
      "Gamma:\n",
      " [[0.85 0.05 0.05 0.05]\n",
      " [0.05 0.85 0.05 0.05]\n",
      " [0.05 0.05 0.85 0.05]\n",
      " [0.05 0.05 0.05 0.85]]\n",
      "R:\n",
      " [[0.5 0.  0.5 0. ]\n",
      " [0.  0.5 0.5 0. ]\n",
      " [0.5 0.  0.  0.5]\n",
      " [0.  0.5 0.  0.5]]\n",
      "100000 data points are generated, which are:\n",
      "Generated firings: [0 2 2 ... 2 3 0]\n",
      "Generated states: [0 0 0 ... 3 3 0]\n",
      "Rep 0...\n",
      "##########################\n",
      "Estimated values for the parameters\n",
      "Estimated Pi =  [0.26767148 0.12618628 0.47362171 0.13252053]\n",
      "Estimated Gamma =  [[0.03186234 0.16171487 0.17980611 0.62661669]\n",
      " [0.1904287  0.21143828 0.22678342 0.37134961]\n",
      " [0.27969593 0.27496893 0.07997523 0.36535992]\n",
      " [0.09135666 0.31261235 0.18863418 0.40739682]]\n",
      "Estimated R =  [[0.33226189 0.42669697 0.34137219 0.08163592]\n",
      " [0.0760109  0.30021031 0.06801876 0.35514426]\n",
      " [0.08125011 0.0041115  0.13541832 0.50821756]\n",
      " [0.51047711 0.26898122 0.45519072 0.05500227]]\n",
      "Rep 1...\n",
      "##########################\n",
      "Estimated values for the parameters\n",
      "Estimated Pi =  [0.65490857 0.04635008 0.27373539 0.02500596]\n",
      "Estimated Gamma =  [[0.67978205 0.01740446 0.17095411 0.13185937]\n",
      " [0.14775909 0.59637447 0.10599159 0.14987485]\n",
      " [0.15345078 0.14899251 0.08631358 0.61124312]\n",
      " [0.05585944 0.37318427 0.31681173 0.25414455]]\n",
      "Estimated R =  [[0.56724963 0.13981109 0.08736014 0.16891405]\n",
      " [0.37360193 0.16143396 0.33233717 0.17125776]\n",
      " [0.03856623 0.34059094 0.26736697 0.35735404]\n",
      " [0.0205822  0.35816401 0.31293572 0.30247415]]\n",
      "Rep 2...\n",
      "##########################\n",
      "Estimated values for the parameters\n",
      "Estimated Pi =  [0.01747836 0.11706523 0.23779169 0.62766472]\n",
      "Estimated Gamma =  [[0.46828957 0.34663979 0.14249092 0.04257972]\n",
      " [0.20641752 0.14438641 0.37208392 0.27711215]\n",
      " [0.16167249 0.1309664  0.48500535 0.22235576]\n",
      " [0.27274134 0.02179507 0.08825061 0.61721298]]\n",
      "Estimated R =  [[0.08231982 0.23004635 0.21310917 0.46506993]\n",
      " [0.30636166 0.13675373 0.53943994 0.01286368]\n",
      " [0.16319264 0.22276922 0.20966685 0.38858369]\n",
      " [0.44812588 0.4104307  0.03778404 0.1334827 ]]\n",
      "Rep 3...\n",
      "##########################\n",
      "Estimated values for the parameters\n",
      "Estimated Pi =  [0.90573455 0.02659108 0.04595008 0.0217243 ]\n",
      "Estimated Gamma =  [[0.71931414 0.02100808 0.18748169 0.0721961 ]\n",
      " [0.09211569 0.58444462 0.27434371 0.04909597]\n",
      " [0.03358749 0.40434786 0.2405692  0.32149545]\n",
      " [0.11378254 0.01909923 0.14514121 0.72197702]]\n",
      "Estimated R =  [[0.60723979 0.07024914 0.11311492 0.21241348]\n",
      " [0.03264903 0.47272694 0.55594501 0.06771016]\n",
      " [0.35364262 0.01115321 0.1761911  0.38854554]\n",
      " [0.00646856 0.44587072 0.15474897 0.33133082]]\n",
      "Rep 4...\n",
      "##########################\n",
      "Estimated values for the parameters\n",
      "Estimated Pi =  [0.35467212 0.11207554 0.36570157 0.16755077]\n",
      "Estimated Gamma =  [[5.67834200e-01 2.04133156e-01 1.82805168e-01 4.52274753e-02]\n",
      " [5.40259667e-01 1.70195815e-01 5.58973949e-04 2.88985544e-01]\n",
      " [4.18517834e-01 1.47563984e-01 4.51563996e-02 3.88761783e-01]\n",
      " [1.46888179e-01 1.64933824e-01 8.08497368e-02 6.07328260e-01]]\n",
      "Estimated R =  [[0.41148122 0.26195614 0.16340549 0.04439923]\n",
      " [0.35516964 0.10726357 0.56936811 0.06758565]\n",
      " [0.15883543 0.32568373 0.16877143 0.37214349]\n",
      " [0.07451371 0.30509656 0.09845497 0.51587163]]\n",
      "Rep 5...\n",
      "##########################\n",
      "Estimated values for the parameters\n",
      "Estimated Pi =  [0.28587479 0.02775846 0.2485119  0.43785485]\n",
      "Estimated Gamma =  [[0.41760871 0.02507254 0.23345245 0.3238663 ]\n",
      " [0.0902841  0.05062232 0.51590913 0.34318445]\n",
      " [0.00456957 0.47351272 0.28006254 0.24185516]\n",
      " [0.32008265 0.23928718 0.10677393 0.33385625]]\n",
      "Estimated R =  [[0.3814657  0.040437   0.21986514 0.34462325]\n",
      " [0.4699716  0.20829947 0.02393    0.32821332]\n",
      " [0.04136741 0.5457225  0.28416092 0.15418922]\n",
      " [0.10719529 0.20554104 0.47204394 0.17297421]]\n",
      "Rep 6...\n",
      "##########################\n",
      "Estimated values for the parameters\n",
      "Estimated Pi =  [0.16417658 0.30111696 0.42561945 0.109087  ]\n",
      "Estimated Gamma =  [[0.55389208 0.26507283 0.13274574 0.04828935]\n",
      " [0.37699826 0.30740177 0.19147951 0.12412045]\n",
      " [0.18215838 0.15017218 0.63336579 0.03430365]\n",
      " [0.04930562 0.01478324 0.09528857 0.84062258]]\n",
      "Estimated R =  [[0.0024544  0.32037298 0.72221323 0.01892632]\n",
      " [0.68126823 0.17989868 0.09513449 0.00115835]\n",
      " [0.0593568  0.19834802 0.16112067 0.56520768]\n",
      " [0.25692056 0.30138032 0.02153161 0.41470765]]\n",
      "Rep 7...\n",
      "##########################\n",
      "Estimated values for the parameters\n",
      "Estimated Pi =  [0.42531828 0.0600492  0.42335065 0.09128188]\n",
      "Estimated Gamma =  [[0.68345247 0.0190883  0.19844142 0.09901782]\n",
      " [0.07354932 0.11538028 0.39279066 0.41827974]\n",
      " [0.1895504  0.20822949 0.48032386 0.12189625]\n",
      " [0.0465127  0.41332702 0.10308103 0.43707925]]\n",
      "Estimated R =  [[0.16862267 0.08784189 0.58800484 0.07006428]\n",
      " [0.01360567 0.61062063 0.07501357 0.42119789]\n",
      " [0.5266052  0.16659738 0.24163834 0.04647435]\n",
      " [0.29116645 0.13494011 0.09534324 0.46226348]]\n",
      "Rep 8...\n",
      "##########################\n",
      "Estimated values for the parameters\n",
      "Estimated Pi =  [0.14553152 0.19867875 0.16765286 0.48813687]\n",
      "Estimated Gamma =  [[0.3231773  0.3175156  0.0716025  0.2877046 ]\n",
      " [0.37528075 0.03764252 0.39873948 0.18833725]\n",
      " [0.26358535 0.08871237 0.3758208  0.27188149]\n",
      " [0.39925338 0.39047045 0.11880497 0.09147121]]\n",
      "Estimated R =  [[0.16099826 0.33126395 0.0879566  0.48119898]\n",
      " [0.5147685  0.20126478 0.05863554 0.08487998]\n",
      " [0.1662265  0.2373684  0.53917935 0.10339548]\n",
      " [0.15800674 0.23010286 0.3142285  0.33052556]]\n",
      "Rep 9...\n",
      "##########################\n",
      "Estimated values for the parameters\n",
      "Estimated Pi =  [0.54374897 0.32816127 0.11439879 0.01369097]\n",
      "Estimated Gamma =  [[0.50458636 0.07924907 0.23968842 0.17647615]\n",
      " [0.51630769 0.02776616 0.10596024 0.34996591]\n",
      " [0.08465745 0.19761562 0.52390317 0.19382376]\n",
      " [0.51762507 0.14008321 0.15312524 0.18916648]]\n",
      "Estimated R =  [[0.40206621 0.25091238 0.18369782 0.06790548]\n",
      " [0.13231061 0.19801478 0.37365022 0.33429615]\n",
      " [0.25448958 0.20640427 0.14903672 0.41423622]\n",
      " [0.21113359 0.34466857 0.29361524 0.18356216]]\n"
     ]
    }
   ],
   "source": [
    "N = 3  # neurons\n",
    "K = 4  # states\n",
    "T = 100000  # time steps\n",
    "seed = None #1234 \n",
    "num_rep = 10\n",
    "\n",
    "#input: initialization of the parameters for the HMM\n",
    "#pi, gamma, r = initialize_parameters(N, K, seed)\n",
    "\n",
    "pi=np.array([1,0,0,0])\n",
    "gamma=np.array([[0.85,0.05,0.05,0.05],\n",
    "                [0.05,0.85,0.05,0.05],\n",
    "                [0.05,0.05,0.85,0.05],\n",
    "                [0.05,0.05,0.05,0.85]])\n",
    "r=np.array([[1,0,1,0],\n",
    "            [0,1,1,0],\n",
    "            [1,0,0,1],\n",
    "            [0,1,0,1]])\n",
    "\n",
    "\n",
    "type_run = \"Complexity increased keeping gamma very unbalanced, and increasing K (K=4)\"\n",
    "\n",
    "\n",
    "gibbs.run_simulation(T, N, K, seed, num_rep, pi, gamma, r, type_run)\n"
   ]
  },
  {
   "cell_type": "code",
   "execution_count": 4,
   "metadata": {},
   "outputs": [
    {
     "name": "stdout",
     "output_type": "stream",
     "text": [
      "Data is generated according to an HMM with the following parameters:\n",
      "Pi:\n",
      " [1 0 0 0 0]\n",
      "Gamma:\n",
      " [[0.8  0.05 0.05 0.05 0.05]\n",
      " [0.05 0.8  0.05 0.05 0.05]\n",
      " [0.05 0.05 0.8  0.05 0.05]\n",
      " [0.05 0.05 0.05 0.8  0.05]\n",
      " [0.05 0.05 0.05 0.05 0.8 ]]\n",
      "R:\n",
      " [[0.5        0.         0.5        0.         0.33333333]\n",
      " [0.         0.5        0.5        0.         0.        ]\n",
      " [0.5        0.         0.         0.5        0.33333333]\n",
      " [0.         0.5        0.         0.5        0.33333333]]\n",
      "100000 data points are generated, which are:\n",
      "Generated firings: [0 2 0 ... 3 2 2]\n",
      "Generated states: [0 0 0 ... 3 3 3]\n",
      "Rep 0...\n",
      "##########################\n",
      "Estimated values for the parameters\n",
      "Estimated Pi =  [0.03748917 0.18913042 0.50458661 0.20941473 0.05937907]\n",
      "Estimated Gamma =  [[0.15937272 0.42174485 0.13930215 0.14753483 0.13204544]\n",
      " [0.0936488  0.67676628 0.0931993  0.0770399  0.05934573]\n",
      " [0.04524922 0.08896056 0.38054571 0.03191079 0.45333372]\n",
      " [0.17311443 0.09033707 0.10156803 0.10657753 0.52840294]\n",
      " [0.02386084 0.3216802  0.26311851 0.14825285 0.24308761]]\n",
      "Estimated R =  [[0.01545382 0.22650253 0.39337379 0.34562195 0.28202012]\n",
      " [0.66321887 0.29657156 0.01129237 0.20687516 0.01284251]\n",
      " [0.28040252 0.14911619 0.45253338 0.0457686  0.41965736]\n",
      " [0.04092479 0.32780972 0.14280046 0.40173428 0.28548001]]\n",
      "Rep 1...\n",
      "##########################\n",
      "Estimated values for the parameters\n",
      "Estimated Pi =  [0.76711044 0.04692441 0.11130401 0.01621486 0.05844627]\n",
      "Estimated Gamma =  [[0.62216807 0.04533877 0.11805151 0.06427864 0.150163  ]\n",
      " [0.16886259 0.52812972 0.02853683 0.13608454 0.13838632]\n",
      " [0.07876344 0.00720087 0.38673697 0.24300805 0.28429067]\n",
      " [0.11226666 0.09712306 0.18794375 0.56650175 0.03616478]\n",
      " [0.26048783 0.21362718 0.07153165 0.34271714 0.1116362 ]]\n",
      "Estimated R =  [[0.46201103 0.02597826 0.18901967 0.24123923 0.2591857 ]\n",
      " [0.03330302 0.14571308 0.07666914 0.47147669 0.1767475 ]\n",
      " [0.38815516 0.15431817 0.40309892 0.03084712 0.49560725]\n",
      " [0.11653079 0.6739905  0.33121227 0.25643696 0.06845954]]\n",
      "Rep 2...\n",
      "##########################\n",
      "Estimated values for the parameters\n",
      "Estimated Pi =  [0.01190751 0.1091435  0.29412325 0.23441502 0.35041072]\n",
      "Estimated Gamma =  [[0.22950868 0.10847441 0.0511599  0.46791977 0.14293724]\n",
      " [0.08627706 0.03491734 0.17748519 0.46385725 0.23746316]\n",
      " [0.13038092 0.0542618  0.6044042  0.07794314 0.13300993]\n",
      " [0.29453486 0.19098767 0.23740505 0.25330283 0.02376958]\n",
      " [0.09975637 0.09587811 0.68315483 0.08894412 0.03226657]]\n",
      "Estimated R =  [[0.1014979  0.11629319 0.31625322 0.31363016 0.37747782]\n",
      " [0.50348892 0.51052301 0.02340129 0.19696291 0.0619135 ]\n",
      " [0.28387691 0.10912628 0.42977191 0.01051544 0.34317088]\n",
      " [0.11113628 0.26405751 0.23057358 0.47889149 0.2174378 ]]\n",
      "Rep 3...\n",
      "##########################\n",
      "Estimated values for the parameters\n",
      "Estimated Pi =  [0.33843459 0.15030348 0.27135872 0.1477177  0.09218551]\n",
      "Estimated Gamma =  [[0.08727232 0.01474511 0.18654298 0.29186524 0.41957436]\n",
      " [0.16058741 0.07633284 0.59134531 0.14027854 0.0314559 ]\n",
      " [0.06092032 0.43019347 0.37139424 0.08695086 0.05054112]\n",
      " [0.25810474 0.04623003 0.14728255 0.33472509 0.21365759]\n",
      " [0.08784477 0.0983308  0.02818129 0.38237666 0.40326647]]\n",
      "Estimated R =  [[0.50167135 0.30090545 0.33451015 0.25467501 0.01659758]\n",
      " [0.05752825 0.44675338 0.35242604 0.06753706 0.08143622]\n",
      " [0.10336388 0.0764676  0.05322512 0.47087018 0.53278384]\n",
      " [0.33743651 0.17587357 0.25983868 0.20691776 0.36918236]]\n",
      "Rep 4...\n",
      "##########################\n",
      "Estimated values for the parameters\n",
      "Estimated Pi =  [0.06293473 0.41621126 0.30538389 0.09504531 0.12042481]\n",
      "Estimated Gamma =  [[0.08444967 0.19451087 0.26075926 0.29206539 0.16821481]\n",
      " [0.15197089 0.09328478 0.14031376 0.55008213 0.06434844]\n",
      " [0.17987528 0.00447495 0.3616521  0.04783111 0.40616655]\n",
      " [0.42424682 0.18686478 0.14460147 0.21863332 0.02565361]\n",
      " [0.05077789 0.26376699 0.1443458  0.17159169 0.36951763]]\n",
      "Estimated R =  [[0.14496192 0.21209609 0.44993701 0.11053698 0.39986404]\n",
      " [0.34603787 0.22250978 0.19378539 0.18895319 0.06965999]\n",
      " [0.20572396 0.03125379 0.17939564 0.35210831 0.48863828]\n",
      " [0.30327624 0.53414034 0.17688196 0.34840152 0.0418377 ]]\n",
      "Rep 5...\n",
      "##########################\n",
      "Estimated values for the parameters\n",
      "Estimated Pi =  [0.57469374 0.04868268 0.03238628 0.04650484 0.29773245]\n",
      "Estimated Gamma =  [[0.1624639  0.44390863 0.13003221 0.14959165 0.11400361]\n",
      " [0.03120869 0.48742612 0.15807508 0.2358305  0.08745961]\n",
      " [0.47269285 0.03563439 0.40846118 0.05281705 0.03039453]\n",
      " [0.42761013 0.06144498 0.01719364 0.3842964  0.10945485]\n",
      " [0.39561878 0.02204703 0.11796377 0.33537379 0.12899663]]\n",
      "Estimated R =  [[0.39844545 0.08075129 0.18769279 0.26368455 0.54123464]\n",
      " [0.08880251 0.26886061 0.61043422 0.02716593 0.05254093]\n",
      " [0.12168123 0.28214591 0.02081219 0.54762496 0.36667065]\n",
      " [0.39107081 0.3682422  0.1810608  0.16152456 0.03955378]]\n",
      "Rep 6...\n",
      "##########################\n",
      "Estimated values for the parameters\n",
      "Estimated Pi =  [0.0305345  0.430366   0.11020612 0.32675628 0.1021371 ]\n",
      "Estimated Gamma =  [[0.3816378  0.12953957 0.09126266 0.15689901 0.24066095]\n",
      " [0.18494041 0.4335216  0.16910134 0.04335767 0.16907898]\n",
      " [0.16281761 0.04238933 0.1750103  0.44231439 0.17746837]\n",
      " [0.04082648 0.12718601 0.44106465 0.31028014 0.08064271]\n",
      " [0.2659766  0.07143386 0.2184368  0.20105661 0.24309613]]\n",
      "Estimated R =  [[0.47475528 0.21359527 0.17170554 0.24249007 0.22587167]\n",
      " [0.33640947 0.7290107  0.00666932 0.01850133 0.13664973]\n",
      " [0.10296943 0.01715261 0.48765658 0.34565169 0.25729357]\n",
      " [0.08586582 0.04024142 0.33396856 0.39335691 0.38018504]]\n",
      "Rep 7...\n",
      "##########################\n",
      "Estimated values for the parameters\n",
      "Estimated Pi =  [0.39057876 0.19904287 0.24550018 0.03575781 0.12912038]\n",
      "Estimated Gamma =  [[0.51933444 0.04996012 0.07408249 0.22510279 0.13152016]\n",
      " [0.01305919 0.30591797 0.04002988 0.30885758 0.33213538]\n",
      " [0.1695047  0.07307513 0.25907801 0.42518748 0.07315469]\n",
      " [0.18725705 0.2143868  0.30388259 0.14632374 0.14814982]\n",
      " [0.03394319 0.0562747  0.03125678 0.40881516 0.46971017]]\n",
      "Estimated R =  [[0.37753796 0.141355   0.47034653 0.23273406 0.1526905 ]\n",
      " [0.36005681 0.07818704 0.2632721  0.27216299 0.0101183 ]\n",
      " [0.21840442 0.14625552 0.03863975 0.22731822 0.58200511]\n",
      " [0.04400082 0.63420244 0.22774162 0.26778473 0.2551861 ]]\n",
      "Rep 8...\n",
      "##########################\n",
      "Estimated values for the parameters\n",
      "Estimated Pi =  [0.30886034 0.41009377 0.08349935 0.01718076 0.18036578]\n",
      "Estimated Gamma =  [[1.33747696e-01 5.56143175e-01 1.48622089e-01 1.02762821e-01\n",
      "  5.87242183e-02]\n",
      " [6.41514208e-01 9.94268393e-02 1.20406044e-02 2.54536683e-02\n",
      "  2.21564680e-01]\n",
      " [1.69731007e-02 1.85867217e-01 1.06687489e-01 5.04478879e-01\n",
      "  1.85993314e-01]\n",
      " [3.96854041e-02 1.23885665e-01 1.67583048e-01 6.47038639e-01\n",
      "  2.18072438e-02]\n",
      " [2.00394461e-04 1.08540883e-01 7.12322682e-02 8.20035256e-02\n",
      "  7.38022929e-01]]\n",
      "Estimated R =  [[0.50436933 0.38822192 0.03667005 0.06727204 0.32093962]\n",
      " [0.03756837 0.21461209 0.05713244 0.22025116 0.30792852]\n",
      " [0.4342805  0.28437175 0.54303808 0.22881693 0.10957356]\n",
      " [0.0237818  0.11279423 0.36315943 0.48365987 0.26155831]]\n",
      "Rep 9...\n",
      "##########################\n",
      "Estimated values for the parameters\n",
      "Estimated Pi =  [0.21207281 0.35111841 0.01935319 0.02506283 0.39239276]\n",
      "Estimated Gamma =  [[0.59108579 0.01996106 0.01954463 0.10451695 0.26489156]\n",
      " [0.25580098 0.02577136 0.2469998  0.07736573 0.39406213]\n",
      " [0.16637457 0.00893313 0.10777507 0.16622474 0.55069248]\n",
      " [0.36251606 0.13370391 0.28349393 0.18862559 0.03166051]\n",
      " [0.22138253 0.09533443 0.20502232 0.36741769 0.11084303]]\n",
      "Estimated R =  [[0.22863085 0.62375229 0.10844841 0.06798303 0.48748219]\n",
      " [0.01979808 0.17381906 0.60108697 0.33492074 0.1552795 ]\n",
      " [0.54502854 0.11558416 0.01684044 0.24554751 0.01486642]\n",
      " [0.20654253 0.08684448 0.27362418 0.35154873 0.34237188]]\n"
     ]
    }
   ],
   "source": [
    "N = 3  # neurons\n",
    "K = 5  # states\n",
    "T = 100000  # time steps\n",
    "seed = None #1234 \n",
    "num_rep = 10\n",
    "\n",
    "#input: initialization of the parameters for the HMM\n",
    "#pi, gamma, r = initialize_parameters(N, K, seed)\n",
    "\n",
    "pi=np.array([1,0,0,0,0])\n",
    "gamma=np.array([[0.8,0.05,0.05,0.05,0.05],\n",
    "                [0.05,0.8,0.05,0.05,0.05],\n",
    "                [0.05,0.05,0.8,0.05,0.05],\n",
    "                [0.05,0.05,0.05,0.8,0.05],\n",
    "                [0.05,0.05,0.05,0.05,0.8]])\n",
    "r=np.array([[1,0,1,0,1],\n",
    "            [0,1,1,0,0],\n",
    "            [1,0,0,1,1],\n",
    "            [0,1,0,1,1]])\n",
    "\n",
    "\n",
    "type_run = \"Complexity increased keeping gamma very unbalanced, and increasing K (K=5)\"\n",
    "\n",
    "\n",
    "gibbs.run_simulation(T, N, K, seed, num_rep, pi, gamma, r, type_run)\n"
   ]
  },
  {
   "cell_type": "code",
   "execution_count": 5,
   "metadata": {},
   "outputs": [
    {
     "name": "stdout",
     "output_type": "stream",
     "text": [
      "Data is generated according to an HMM with the following parameters:\n",
      "Pi:\n",
      " [1 0 0 0 0 0]\n",
      "Gamma:\n",
      " [[0.75 0.05 0.05 0.05 0.05 0.05]\n",
      " [0.05 0.75 0.05 0.05 0.05 0.05]\n",
      " [0.05 0.05 0.75 0.05 0.05 0.05]\n",
      " [0.05 0.05 0.05 0.75 0.05 0.05]\n",
      " [0.05 0.05 0.05 0.05 0.75 0.05]\n",
      " [0.05 0.05 0.05 0.05 0.05 0.75]]\n",
      "R:\n",
      " [[0.5        0.         0.5        0.         0.33333333 0.33333333]\n",
      " [0.         0.5        0.5        0.         0.         0.33333333]\n",
      " [0.5        0.         0.         0.5        0.33333333 0.        ]\n",
      " [0.         0.5        0.         0.5        0.33333333 0.33333333]]\n",
      "100000 data points are generated, which are:\n",
      "Generated firings: [0 0 0 ... 2 0 1]\n",
      "Generated states: [0 0 0 ... 4 4 1]\n",
      "Rep 0...\n",
      "##########################\n",
      "Estimated values for the parameters\n",
      "Estimated Pi =  [0.00960629 0.06122362 0.02981787 0.44756781 0.08070498 0.37107943]\n",
      "Estimated Gamma =  [[0.06939522 0.34397272 0.0708766  0.09275425 0.26133507 0.16166614]\n",
      " [0.18253991 0.17492849 0.13590344 0.02372409 0.15471693 0.32818715]\n",
      " [0.07885923 0.18959466 0.14181348 0.31948459 0.20008929 0.07015876]\n",
      " [0.13911963 0.04577885 0.11459697 0.59062713 0.00159052 0.1082869 ]\n",
      " [0.1289706  0.21169528 0.15417951 0.42220922 0.01291282 0.07003257]\n",
      " [0.0299026  0.13462901 0.18415149 0.05984174 0.14222223 0.44925293]]\n",
      "Estimated R =  [[0.04905433 0.02078447 0.34099153 0.35889096 0.39014043 0.38360422]\n",
      " [0.28831175 0.54290807 0.04988657 0.02636502 0.03495025 0.4345501 ]\n",
      " [0.36986896 0.13548315 0.0868599  0.45048514 0.14040557 0.02842375]\n",
      " [0.29276496 0.30082431 0.522262   0.16425888 0.43450375 0.15342193]]\n",
      "Rep 1...\n",
      "##########################\n",
      "Estimated values for the parameters\n",
      "Estimated Pi =  [0.07532207 0.04813158 0.05348563 0.04419159 0.37357411 0.40529501]\n",
      "Estimated Gamma =  [[0.01296753 0.1982755  0.14777593 0.29595389 0.13867014 0.20635701]\n",
      " [0.01877631 0.30606678 0.044162   0.18459435 0.01050481 0.43589576]\n",
      " [0.1393416  0.06495792 0.07194281 0.05504749 0.44101144 0.22769876]\n",
      " [0.19233631 0.11686275 0.07713474 0.31304228 0.25086214 0.04976178]\n",
      " [0.29426463 0.00854739 0.18650114 0.17695672 0.27221725 0.06151287]\n",
      " [0.09125021 0.01374902 0.08004609 0.13440575 0.07801847 0.60253045]]\n",
      "Estimated R =  [[0.24843375 0.03148764 0.23087705 0.0305256  0.43321192 0.46644722]\n",
      " [0.20759371 0.48679916 0.03827087 0.09816831 0.01161487 0.44171141]\n",
      " [0.3683732  0.10661049 0.62056855 0.08660948 0.39310013 0.01724504]\n",
      " [0.17559934 0.37510272 0.11028352 0.78469661 0.16207308 0.07459632]]\n",
      "Rep 2...\n",
      "##########################\n",
      "Estimated values for the parameters\n",
      "Estimated Pi =  [0.21289579 0.00768868 0.10462627 0.00975344 0.29227078 0.37276504]\n",
      "Estimated Gamma =  [[0.28645304 0.13578886 0.22726727 0.13041142 0.13155875 0.08852065]\n",
      " [0.2407745  0.14934213 0.31632228 0.15890477 0.02203814 0.11261817]\n",
      " [0.24645895 0.12524909 0.13072525 0.16556237 0.07249506 0.25950927]\n",
      " [0.10433236 0.09344589 0.16388996 0.21833298 0.2902969  0.12970191]\n",
      " [0.05668097 0.06106962 0.10964746 0.20696133 0.43577366 0.12986696]\n",
      " [0.16937839 0.00709339 0.13735257 0.06384779 0.19217214 0.43015573]]\n",
      "Estimated R =  [[0.20142942 0.02755862 0.48719205 0.15064212 0.03651425 0.64223979]\n",
      " [0.05116862 0.39959747 0.03783381 0.48326339 0.39880465 0.06272987]\n",
      " [0.14444184 0.36074604 0.33089008 0.21106208 0.09804168 0.27428546]\n",
      " [0.60296012 0.21209787 0.14408406 0.15503241 0.46663942 0.02074488]]\n",
      "Rep 3...\n",
      "##########################\n",
      "Estimated values for the parameters\n",
      "Estimated Pi =  [0.04992932 0.2582774  0.08443922 0.01516927 0.10432197 0.48786281]\n",
      "Estimated Gamma =  [[0.02318777 0.11687569 0.01545744 0.50221048 0.07580993 0.26645869]\n",
      " [0.16129912 0.26826828 0.09594971 0.05558188 0.13954954 0.27935147]\n",
      " [0.15023342 0.18794741 0.05323657 0.08347304 0.45377525 0.07133431]\n",
      " [0.16015275 0.06284596 0.16842753 0.19519043 0.29160053 0.1217828 ]\n",
      " [0.00839143 0.37008084 0.22671838 0.14437817 0.04130908 0.20912208]\n",
      " [0.13391241 0.03118938 0.24729906 0.11494076 0.37139994 0.10125845]]\n",
      "Estimated R =  [[0.29573375 0.29303636 0.39502062 0.14135032 0.21267367 0.37121704]\n",
      " [0.3209728  0.37809292 0.01999226 0.11072762 0.20479619 0.29435298]\n",
      " [0.04088998 0.09823139 0.10461312 0.4532422  0.37829246 0.1521073 ]\n",
      " [0.34240346 0.23063933 0.480374   0.29467986 0.20423768 0.18232268]]\n",
      "Rep 4...\n",
      "##########################\n",
      "Estimated values for the parameters\n",
      "Estimated Pi =  [0.12293265 0.06179294 0.4826799  0.18753179 0.03994744 0.10511528]\n",
      "Estimated Gamma =  [[0.00315912 0.07616712 0.23656864 0.12451608 0.16060904 0.39898   ]\n",
      " [0.30865281 0.26261979 0.00529463 0.15550046 0.05962542 0.20830689]\n",
      " [0.15263482 0.00901072 0.5830743  0.04648638 0.13935997 0.06943381]\n",
      " [0.05613536 0.2241547  0.20726688 0.27703795 0.0897977  0.1456074 ]\n",
      " [0.01110165 0.02219055 0.02822129 0.21854553 0.57805783 0.14188315]\n",
      " [0.18247588 0.18441936 0.07321371 0.21572507 0.01432463 0.32984136]]\n",
      "Estimated R =  [[0.18416894 0.13869162 0.60432574 0.09954587 0.25324748 0.27902598]\n",
      " [0.46181959 0.15300642 0.08508089 0.09510659 0.00906097 0.55158366]\n",
      " [0.26996806 0.29041976 0.27822736 0.15013075 0.27752061 0.10736048]\n",
      " [0.08404341 0.4178822  0.03236602 0.65521678 0.46017095 0.06202988]]\n",
      "Rep 5...\n",
      "##########################\n",
      "Estimated values for the parameters\n",
      "Estimated Pi =  [0.12056358 0.04335238 0.4488694  0.24729346 0.07903755 0.06088363]\n",
      "Estimated Gamma =  [[0.1190326  0.09729587 0.1089062  0.08182556 0.39564977 0.19729001]\n",
      " [0.01279829 0.08167199 0.02536473 0.42127728 0.1572071  0.30168061]\n",
      " [0.06953218 0.00074523 0.62847533 0.11602238 0.00083944 0.18438543]\n",
      " [0.16943735 0.15875231 0.11610447 0.41859304 0.13016228 0.00695054]\n",
      " [0.11367604 0.04537928 0.1679282  0.19942111 0.139024   0.33457138]\n",
      " [0.08401258 0.0757911  0.05226046 0.01423045 0.21410803 0.55959738]]\n",
      "Estimated R =  [[0.12251015 0.09643172 0.49827357 0.17239558 0.25616615 0.30262597]\n",
      " [0.2342564  0.17036884 0.10442507 0.1083287  0.19195559 0.38899446]\n",
      " [0.07499335 0.10240937 0.38046785 0.22290204 0.42020527 0.08640247]\n",
      " [0.5682401  0.63079007 0.0168335  0.49637368 0.13167299 0.2219771 ]]\n",
      "Rep 6...\n",
      "##########################\n",
      "Estimated values for the parameters\n",
      "Estimated Pi =  [0.06058975 0.1916312  0.27318789 0.18269171 0.06577181 0.22612764]\n",
      "Estimated Gamma =  [[0.27321485 0.16377031 0.1116328  0.13769869 0.20110411 0.11257923]\n",
      " [0.51305116 0.18850872 0.12629061 0.02957849 0.04943291 0.0931381 ]\n",
      " [0.22656582 0.00115818 0.2323051  0.02753177 0.33831074 0.17412837]\n",
      " [0.01389693 0.06017924 0.10805869 0.3311699  0.3501493  0.13654595]\n",
      " [0.04671226 0.08591761 0.1817781  0.29830213 0.32536007 0.06192982]\n",
      " [0.11291282 0.02647861 0.02410507 0.25041199 0.04970296 0.53638855]]\n",
      "Estimated R =  [[0.15422322 0.1265709  0.36311551 0.39167895 0.35329645 0.16509795]\n",
      " [0.11057918 0.04748947 0.08728896 0.36475839 0.09157329 0.46515409]\n",
      " [0.62512851 0.54123475 0.32367129 0.11984366 0.08262884 0.01304456]\n",
      " [0.11006909 0.28470487 0.22592424 0.123719   0.47250142 0.3567034 ]]\n",
      "Rep 7...\n",
      "##########################\n",
      "Estimated values for the parameters\n",
      "Estimated Pi =  [0.26832533 0.13327017 0.22391981 0.00713115 0.27894084 0.0884127 ]\n",
      "Estimated Gamma =  [[0.49112419 0.13941592 0.12894258 0.14008273 0.02144171 0.07899287]\n",
      " [0.0479517  0.02912188 0.17317523 0.42326264 0.1690607  0.15742785]\n",
      " [0.04715502 0.07782193 0.17057613 0.09773082 0.3095263  0.29718979]\n",
      " [0.17129158 0.06378505 0.04784602 0.30912886 0.12209667 0.28585182]\n",
      " [0.08825432 0.36126742 0.05488625 0.09387655 0.27296021 0.12875525]\n",
      " [0.05493346 0.12930911 0.07015103 0.01749443 0.33210028 0.39601169]]\n",
      "Estimated R =  [[0.38062585 0.1538204  0.21785076 0.13122134 0.49028159 0.23895188]\n",
      " [0.58985759 0.28982842 0.08106533 0.16293006 0.01446269 0.2535353 ]\n",
      " [0.0151755  0.27854455 0.12282809 0.21254128 0.24413935 0.33714082]\n",
      " [0.01434105 0.27780663 0.57825582 0.49330732 0.25111637 0.17037201]]\n",
      "Rep 8...\n",
      "##########################\n",
      "Estimated values for the parameters\n",
      "Estimated Pi =  [0.07670492 0.02624275 0.15402138 0.02735746 0.21456875 0.50110474]\n",
      "Estimated Gamma =  [[0.31529528 0.21645946 0.10547006 0.01765183 0.3230001  0.02212328]\n",
      " [0.18109054 0.09894305 0.39434758 0.06110266 0.080246   0.18427017]\n",
      " [0.24703672 0.03498365 0.10946564 0.06575177 0.01663824 0.52612397]\n",
      " [0.19863392 0.08917527 0.02351107 0.55004848 0.03669012 0.10194114]\n",
      " [0.27828952 0.05439084 0.03444102 0.07683515 0.23628557 0.31975791]\n",
      " [0.05370025 0.03935362 0.11863342 0.215299   0.11942815 0.45358556]]\n",
      "Estimated R =  [[0.1807013  0.24436277 0.10623945 0.07081055 0.42560176 0.50705272]\n",
      " [0.27468595 0.15355345 0.62745292 0.04473155 0.06304933 0.25570634]\n",
      " [0.12554797 0.26625966 0.16210939 0.44089776 0.237486   0.13704093]\n",
      " [0.41906478 0.33582411 0.10419825 0.44356014 0.27386291 0.1002    ]]\n",
      "Rep 9...\n",
      "##########################\n",
      "Estimated values for the parameters\n",
      "Estimated Pi =  [0.03166944 0.16048455 0.04794869 0.47949355 0.05486646 0.22553731]\n",
      "Estimated Gamma =  [[0.34280851 0.13197661 0.13151997 0.04129762 0.14149691 0.21090038]\n",
      " [0.14541092 0.06841226 0.11604403 0.08694254 0.55135604 0.03183421]\n",
      " [0.00375732 0.02987642 0.31044159 0.07465435 0.38557694 0.19569338]\n",
      " [0.25774792 0.22278873 0.16954143 0.04246547 0.05214324 0.25531321]\n",
      " [0.09305654 0.1060474  0.36446503 0.02724241 0.18479167 0.22439694]\n",
      " [0.01987996 0.13577842 0.25329388 0.0267517  0.45312826 0.11116777]]\n",
      "Estimated R =  [[0.24358683 0.79678419 0.17240742 0.56071889 0.17178502 0.3038685 ]\n",
      " [0.07089394 0.0009191  0.22166377 0.08344403 0.2621282  0.38527461]\n",
      " [0.43018977 0.03364477 0.1940202  0.11567429 0.32828588 0.09948563]\n",
      " [0.25532946 0.16865194 0.41190861 0.24016279 0.23780091 0.21137126]]\n"
     ]
    }
   ],
   "source": [
    "N = 3  # neurons\n",
    "K = 6  # states\n",
    "T = 100000  # time steps\n",
    "seed = None #1234 \n",
    "num_rep = 10\n",
    "\n",
    "#input: initialization of the parameters for the HMM\n",
    "#pi, gamma, r = initialize_parameters(N, K, seed)\n",
    "\n",
    "pi=np.array([1,0,0,0,0,0])\n",
    "gamma=np.array([[0.75,0.05,0.05,0.05,0.05,0.05],\n",
    "                [0.05,0.75,0.05,0.05,0.05,0.05],\n",
    "                [0.05,0.05,0.75,0.05,0.05,0.05],\n",
    "                [0.05,0.05,0.05,0.75,0.05,0.05],\n",
    "                [0.05,0.05,0.05,0.05,0.75,0.05],\n",
    "                [0.05,0.05,0.05,0.05,0.05,0.75]])\n",
    "r=np.array([[1,0,1,0,1,1],\n",
    "            [0,1,1,0,0,1],\n",
    "            [1,0,0,1,1,0],\n",
    "            [0,1,0,1,1,1]])\n",
    "\n",
    "\n",
    "type_run = \"Complexity increased keeping gamma very unbalanced, and increasing K (K=6)\"\n",
    "\n",
    "gibbs.run_simulation(T, N, K, seed, num_rep, pi, gamma, r, type_run)"
   ]
  },
  {
   "cell_type": "code",
   "execution_count": 6,
   "metadata": {},
   "outputs": [
    {
     "name": "stdout",
     "output_type": "stream",
     "text": [
      "Data is generated according to an HMM with the following parameters:\n",
      "Pi:\n",
      " [1 0 0 0 0 0 0]\n",
      "Gamma:\n",
      " [[0.7  0.05 0.05 0.05 0.05 0.05 0.05]\n",
      " [0.05 0.7  0.05 0.05 0.05 0.05 0.05]\n",
      " [0.05 0.05 0.7  0.05 0.05 0.05 0.05]\n",
      " [0.05 0.05 0.05 0.7  0.05 0.05 0.05]\n",
      " [0.05 0.05 0.05 0.05 0.7  0.05 0.05]\n",
      " [0.05 0.05 0.05 0.05 0.05 0.7  0.05]\n",
      " [0.05 0.05 0.05 0.05 0.05 0.05 0.7 ]]\n",
      "R:\n",
      " [[0.5        0.         0.5        0.         0.33333333 0.33333333\n",
      "  0.33333333]\n",
      " [0.         0.5        0.5        0.         0.         0.33333333\n",
      "  0.33333333]\n",
      " [0.5        0.         0.         0.5        0.33333333 0.\n",
      "  0.33333333]\n",
      " [0.         0.5        0.         0.5        0.33333333 0.33333333\n",
      "  0.        ]]\n",
      "100000 data points are generated, which are:\n",
      "Generated firings: [0 2 0 ... 2 2 2]\n",
      "Generated states: [0 0 0 ... 0 0 0]\n",
      "Rep 0...\n",
      "##########################\n",
      "Estimated values for the parameters\n",
      "Estimated Pi =  [0.02095121 0.08262612 0.23074698 0.18790539 0.20121011 0.26843132\n",
      " 0.00812887]\n",
      "Estimated Gamma =  [[0.37817826 0.25007333 0.00143997 0.05998351 0.17748874 0.04858791\n",
      "  0.08424828]\n",
      " [0.16250662 0.17687616 0.11485624 0.26632542 0.11898357 0.15190427\n",
      "  0.00854773]\n",
      " [0.10754028 0.01801154 0.11800444 0.13114878 0.29380235 0.14148406\n",
      "  0.19000855]\n",
      " [0.07181598 0.39594455 0.29471902 0.1325779  0.02952269 0.03968842\n",
      "  0.03573144]\n",
      " [0.08786121 0.03052996 0.03498046 0.19804118 0.41548672 0.06064391\n",
      "  0.17245657]\n",
      " [0.01789888 0.11618268 0.10754522 0.11305859 0.44309613 0.16284949\n",
      "  0.03936901]\n",
      " [0.05215665 0.02985436 0.20958778 0.28131802 0.29902419 0.06943113\n",
      "  0.05862787]]\n",
      "Estimated R =  [[8.01032045e-02 1.17099116e-01 4.36600911e-01 3.46919281e-01\n",
      "  3.84811730e-01 5.96545200e-01 1.68019948e-05]\n",
      " [3.32831112e-01 6.41366521e-01 6.51229667e-02 1.49923510e-01\n",
      "  1.15228445e-01 1.61606317e-01 2.42170750e-01]\n",
      " [1.69960324e-02 2.07260878e-01 2.08228642e-01 3.48298151e-01\n",
      "  3.09499380e-01 3.92782335e-02 4.41954638e-01]\n",
      " [5.70069651e-01 3.42734861e-02 2.90047480e-01 1.54859059e-01\n",
      "  1.90460446e-01 2.02570249e-01 3.15857810e-01]]\n",
      "Rep 1...\n",
      "##########################\n",
      "Estimated values for the parameters\n",
      "Estimated Pi =  [0.07588241 0.00551265 0.09408111 0.04430545 0.26355446 0.22136445\n",
      " 0.29529946]\n",
      "Estimated Gamma =  [[1.40266985e-01 1.49040071e-01 1.10454004e-01 1.27841065e-01\n",
