{
 "cells": [
  {
   "cell_type": "code",
   "execution_count": 1,
   "metadata": {},
   "outputs": [],
   "source": [
    "import gibbs\n",
    "import numpy as np"
   ]
  },
  {
   "cell_type": "code",
   "execution_count": 2,
   "metadata": {},
   "outputs": [
    {
     "name": "stdout",
     "output_type": "stream",
     "text": [
      "Data is generated according to an HMM with the following parameters:\n",
      "Pi:\n",
      " [1 0]\n",
      "Gamma:\n",
      " [[0.9 0.1]\n",
      " [0.1 0.9]]\n",
      "R:\n",
      " [[0.5 0. ]\n",
      " [0.  0.5]\n",
      " [0.5 0. ]\n",
      " [0.  0.5]]\n",
      "50000 data points are generated, which are:\n",
      "Generated firings: [0 0 2 ... 0 2 0]\n",
      "Generated states: [0 0 0 ... 0 0 0]\n",
      "Rep 0...\n",
      "##########################\n",
      "Estimated values for the parameters\n",
      "Estimated Pi =  [0.5850252 0.4149748]\n",
      "Estimated Gamma =  [[0.73674314 0.26325686]\n",
      " [0.51378825 0.48621175]]\n",
      "Estimated R =  [[0.97556893 0.89748502]\n",
      " [0.00648633 0.07011213]\n",
      " [0.01408459 0.02591715]\n",
      " [0.00386015 0.0064857 ]]\n",
      "Rep 1...\n",
      "##########################\n",
      "Estimated values for the parameters\n",
      "Estimated Pi =  [0.43424965 0.56575035]\n",
      "Estimated Gamma =  [[0.1401471 0.8598529]\n",
      " [0.2370311 0.7629689]]\n",
      "Estimated R =  [[0.8752045  0.9628356 ]\n",
      " [0.05429709 0.01602175]\n",
      " [0.03560423 0.00875051]\n",
      " [0.03489419 0.01239213]]\n",
      "Rep 2...\n",
      "##########################\n",
      "Estimated values for the parameters\n",
      "Estimated Pi =  [0.61398676 0.38601324]\n",
      "Estimated Gamma =  [[0.60161827 0.39838173]\n",
      " [0.6380619  0.3619381 ]]\n",
      "Estimated R =  [[0.99271579 0.96424876]\n",
      " [0.00174172 0.03036005]\n",
      " [0.00264446 0.00223902]\n",
      " [0.00289803 0.00315217]]\n",
      "Rep 3...\n",
      "##########################\n",
      "Estimated values for the parameters\n",
      "Estimated Pi =  [0.69132686 0.30867314]\n",
      "Estimated Gamma =  [[0.5202069  0.4797931 ]\n",
      " [0.31983475 0.68016525]]\n",
      "Estimated R =  [[0.97727851 0.92825736]\n",
      " [0.00380298 0.00811374]\n",
      " [0.01045305 0.01002169]\n",
      " [0.00846546 0.05360721]]\n",
      "Rep 4...\n",
      "##########################\n",
      "Estimated values for the parameters\n",
      "Estimated Pi =  [0.58239487 0.41760513]\n",
      "Estimated Gamma =  [[0.73655358 0.26344642]\n",
      " [0.7759515  0.2240485 ]]\n",
      "Estimated R =  [[0.98821641 0.89954299]\n",
      " [0.00464106 0.01583352]\n",
      " [0.00469583 0.01775937]\n",
      " [0.00244669 0.06686412]]\n",
      "Rep 5...\n",
      "##########################\n",
      "Estimated values for the parameters\n",
      "Estimated Pi =  [0.36220105 0.63779895]\n",
      "Estimated Gamma =  [[0.64589113 0.35410887]\n",
      " [0.14414658 0.85585342]]\n",
      "Estimated R =  [[9.81753109e-01 9.23755925e-01]\n",
      " [4.77306823e-03 3.70766399e-02]\n",
      " [1.27467632e-02 2.22488297e-02]\n",
      " [7.27059270e-04 1.69186058e-02]]\n",
      "Rep 6...\n",
      "##########################\n",
      "Estimated values for the parameters\n",
      "Estimated Pi =  [0.51645192 0.48354808]\n",
      "Estimated Gamma =  [[0.83802045 0.16197955]\n",
      " [0.98174342 0.01825658]]\n",
      "Estimated R =  [[9.66605081e-01 8.34011828e-01]\n",
      " [1.62782220e-04 9.88568367e-02]\n",
      " [9.43338236e-03 5.31634856e-02]\n",
      " [2.37987540e-02 1.39678502e-02]]\n",
      "Rep 7...\n",
      "##########################\n",
      "Estimated values for the parameters\n",
      "Estimated Pi =  [0.52146454 0.47853546]\n",
      "Estimated Gamma =  [[0.5581577 0.4418423]\n",
      " [0.7431941 0.2568059]]\n",
      "Estimated R =  [[0.95465446 0.98190893]\n",
      " [0.0053329  0.00233684]\n",
      " [0.01402306 0.01410621]\n",
      " [0.02598958 0.00164802]]\n",
      "Rep 8...\n",
      "##########################\n",
      "Estimated values for the parameters\n",
      "Estimated Pi =  [0.2223407 0.7776593]\n",
      "Estimated Gamma =  [[0.23744188 0.76255812]\n",
      " [0.53345395 0.46654605]]\n",
      "Estimated R =  [[0.93838055 0.93452798]\n",
      " [0.01479441 0.05116778]\n",
      " [0.03423903 0.00381504]\n",
      " [0.01258602 0.0104892 ]]\n",
      "Rep 9...\n",
      "##########################\n",
      "Estimated values for the parameters\n",
      "Estimated Pi =  [0.45442596 0.54557404]\n",
      "Estimated Gamma =  [[0.50490813 0.49509187]\n",
      " [0.10356545 0.89643455]]\n",
      "Estimated R =  [[0.96677962 0.97528809]\n",
      " [0.01591125 0.00115813]\n",
      " [0.00275396 0.01723129]\n",
      " [0.01455518 0.00632249]]\n"
     ]
    }
   ],
   "source": [
    "N = 3  # neurons\n",
    "K = 2  # states\n",
    "T = 50000  # time steps\n",
    "seed = None #1234 \n",
    "num_rep = 10\n",
    "\n",
    "\n",
    "pi=np.array([1,0])\n",
    "\n",
    "gamma=np.array([[0.9,0.1],\n",
    "                [0.1,0.9]])\n",
    "\n",
    "r=np.array([[1,0],\n",
    "            [0,1],\n",
    "            [1,0],\n",
    "            [0,1]])\n",
    "\n",
    "\n",
    "type_run = \"Complexity increased keeping gamma very unbalanced, and increasing K (K=2)\"\n",
    "\n",
    "\n",
    "gibbs.run_simulation(T, N, K, seed, num_rep, pi, gamma, r, type_run)"
   ]
  },
  {
   "cell_type": "code",
   "execution_count": 3,
   "metadata": {},
   "outputs": [
    {
     "name": "stdout",
     "output_type": "stream",
     "text": [
      "Data is generated according to an HMM with the following parameters:\n",
      "Pi:\n",
      " [1 0 0 0]\n",
      "Gamma:\n",
      " [[0.85 0.05 0.05 0.05]\n",
      " [0.05 0.85 0.05 0.05]\n",
      " [0.05 0.05 0.85 0.05]\n",
      " [0.05 0.05 0.05 0.85]]\n",
      "R:\n",
      " [[0.5 0.  0.5 0. ]\n",
      " [0.  0.5 0.5 0. ]\n",
      " [0.5 0.  0.  0.5]\n",
      " [0.  0.5 0.  0.5]]\n",
      "50000 data points are generated, which are:\n",
      "Generated firings: [0 2 2 ... 3 3 2]\n",
      "Generated states: [0 0 0 ... 3 3 0]\n",
      "Rep 0...\n",
      "##########################\n",
      "Estimated values for the parameters\n",
      "Estimated Pi =  [0.17476567 0.38658828 0.1398004  0.29884565]\n",
      "Estimated Gamma =  [[0.03857825 0.30137987 0.3062328  0.35380909]\n",
      " [0.09809467 0.08996629 0.63201338 0.17992566]\n",
      " [0.03168219 0.25957223 0.5376554  0.17109018]\n",
      " [0.03994889 0.0928508  0.85716177 0.01003854]]\n",
      "Estimated R =  [[0.63071913 0.29264254 0.0990109  0.47986904]\n",
      " [0.06469565 0.43521554 0.31925826 0.09734794]\n",
      " [0.2957497  0.24972974 0.57558433 0.39254205]\n",
      " [0.00883552 0.02241219 0.0061465  0.03024097]]\n",
      "Rep 1...\n",
      "##########################\n",
      "Estimated values for the parameters\n",
      "Estimated Pi =  [0.46354555 0.10878547 0.05547609 0.37219289]\n",
      "Estimated Gamma =  [[0.26740675 0.12825222 0.55511798 0.04922304]\n",
      " [0.51756308 0.16368422 0.27791877 0.04083393]\n",
      " [0.15761705 0.17865414 0.60158138 0.06214742]\n",
      " [0.50034243 0.0972204  0.16759267 0.23484449]]\n",
      "Estimated R =  [[0.31274148 0.22456252 0.05888733 0.59073661]\n",
      " [0.11425645 0.4745063  0.37343063 0.1180354 ]\n",
      " [0.56660652 0.272438   0.56564855 0.24616492]\n",
      " [0.00639555 0.02849318 0.00203349 0.04506308]]\n",
      "Rep 2...\n",
      "##########################\n",
      "Estimated values for the parameters\n",
      "Estimated Pi =  [0.03417209 0.00067021 0.58981229 0.37534541]\n",
      "Estimated Gamma =  [[0.35274088 0.51567316 0.11196107 0.0196249 ]\n",
      " [0.1746664  0.06976021 0.40337903 0.35219435]\n",
      " [0.95011785 0.00238607 0.0191814  0.02831468]\n",
      " [0.95158821 0.0170398  0.02160491 0.00976708]]\n",
      "Estimated R =  [[0.01355304 0.05221747 0.52686238 0.62201776]\n",
      " [0.19720353 0.07862411 0.41138082 0.32571359]\n",
      " [0.75539561 0.84126276 0.02578809 0.03054231]\n",
      " [0.03384781 0.02789566 0.03596871 0.02172634]]\n",
      "Rep 3...\n",
      "##########################\n",
      "Estimated values for the parameters\n",
      "Estimated Pi =  [0.05720383 0.23958792 0.43025504 0.27295321]\n",
      "Estimated Gamma =  [[0.26098709 0.43466334 0.20913315 0.09521643]\n",
      " [0.67606429 0.02291521 0.21472532 0.08629518]\n",
      " [0.69240012 0.07649304 0.13612496 0.09498187]\n",
      " [0.44803666 0.40082082 0.08761044 0.06353209]]\n",
      "Estimated R =  [[0.04824742 0.27032314 0.42718869 0.46942817]\n",
      " [0.22864402 0.13094085 0.22086321 0.42906575]\n",
      " [0.71482478 0.5892457  0.29102215 0.0285105 ]\n",
      " [0.00828377 0.00949031 0.06092595 0.07299558]]\n",
      "Rep 4...\n",
      "##########################\n",
      "Estimated values for the parameters\n",
      "Estimated Pi =  [0.35831989 0.03422571 0.4413689  0.1660855 ]\n",
      "Estimated Gamma =  [[0.36576606 0.03313985 0.00436899 0.5967251 ]\n",
      " [0.0783378  0.65716253 0.04643889 0.21806078]\n",
      " [0.13120794 0.03697817 0.13787986 0.69393403]\n",
      " [0.03160685 0.69518944 0.00570306 0.26750065]]\n",
      "Estimated R =  [[4.90369951e-01 3.88878562e-02 6.84796519e-01 5.04294003e-02]\n",
      " [2.49925409e-02 7.65050093e-01 1.43758917e-01 1.57247929e-02]\n",
      " [4.84106162e-01 1.84913142e-01 1.37057908e-01 8.83084380e-01]\n",
      " [5.31346319e-04 1.11489091e-02 3.43866560e-02 5.07614264e-02]]\n",
      "Rep 5...\n",
      "##########################\n",
      "Estimated values for the parameters\n",
      "Estimated Pi =  [0.39774506 0.10202852 0.47390835 0.02631807]\n",
      "Estimated Gamma =  [[0.04395422 0.6281513  0.02146748 0.30642701]\n",
      " [0.04414597 0.38055273 0.00209371 0.57320759]\n",
      " [0.58211276 0.27487596 0.00881828 0.13419299]\n",
      " [0.01588575 0.56052844 0.04607398 0.37751183]]\n",
      "Estimated R =  [[0.59187678 0.0256377  0.84605258 0.02621487]\n",
      " [0.12439231 0.26952138 0.05678595 0.4609022 ]\n",
      " [0.27774983 0.69059792 0.03814896 0.49031668]\n",
      " [0.00598107 0.014243   0.05901251 0.02256626]]\n",
      "Rep 6...\n",
      "##########################\n",
      "Estimated values for the parameters\n",
      "Estimated Pi =  [3.62463122e-01 3.35029697e-04 6.34818389e-01 2.38345927e-03]\n",
      "Estimated Gamma =  [[0.09137888 0.65187245 0.086533   0.17021568]\n",
      " [0.22435998 0.36217098 0.01204895 0.4014201 ]\n",
      " [0.00111399 0.9231252  0.00844794 0.06731287]\n",
      " [0.24717513 0.12376034 0.04900685 0.58005769]]\n",
      "Estimated R =  [[0.33757205 0.00593843 0.79668209 0.00663819]\n",
      " [0.5731911  0.01952757 0.11920538 0.59147143]\n",
      " [0.06401864 0.89395214 0.03454855 0.34045501]\n",
      " [0.02521821 0.08058186 0.04956397 0.06143537]]\n",
      "Rep 7...\n",
      "##########################\n",
      "Estimated values for the parameters\n",
      "Estimated Pi =  [0.5971128  0.18704956 0.14330155 0.07253609]\n",
      "Estimated Gamma =  [[0.06466006 0.02459594 0.02317102 0.88757297]\n",
      " [0.05279776 0.0869863  0.0306285  0.82958744]\n",
      " [0.20215812 0.06791687 0.12464961 0.6052754 ]\n",
      " [0.04012628 0.19976771 0.16526275 0.59484326]]\n",
      "Estimated R =  [[0.74857699 0.41790225 0.16734653 0.02441453]\n",
      " [0.05045809 0.40521101 0.61444115 0.10452093]\n",
      " [0.1801942  0.15037816 0.13470881 0.867009  ]\n",
      " [0.02077073 0.02650859 0.08350351 0.00405554]]\n",
      "Rep 8...\n",
      "##########################\n",
      "Estimated values for the parameters\n",
      "Estimated Pi =  [0.65260341 0.04500295 0.03268057 0.26971307]\n",
      "Estimated Gamma =  [[0.04128094 0.91787915 0.00948032 0.03135958]\n",
      " [0.00397051 0.33009376 0.6320474  0.03388833]\n",
      " [0.04189894 0.14204796 0.79323712 0.02281598]\n",
      " [0.17001556 0.6045048  0.13374786 0.09173178]]\n",
      "Estimated R =  [[8.88471118e-01 4.72070185e-02 5.72855306e-02 6.19114336e-01]\n",
      " [3.15575312e-02 1.14569968e-02 5.49022095e-01 3.34094016e-01]\n",
      " [7.80261835e-02 9.22229293e-01 3.82838156e-01 4.32795784e-05]\n",
      " [1.94516754e-03 1.91066919e-02 1.08542186e-02 4.67483681e-02]]\n",
      "Rep 9...\n",
      "##########################\n",
      "Estimated values for the parameters\n",
      "Estimated Pi =  [0.41298555 0.13998021 0.01421935 0.43281489]\n",
      "Estimated Gamma =  [[4.43766300e-02 7.33056853e-01 1.61356791e-01 6.12097258e-02]\n",
      " [1.89712782e-02 2.28289501e-01 7.52312545e-01 4.26675476e-04]\n",
      " [1.95153240e-01 2.47865333e-01 2.90145006e-01 2.66836422e-01]\n",
      " [2.22886222e-03 6.53335410e-01 3.17874921e-01 2.65608074e-02]]\n",
      "Estimated R =  [[7.30790328e-01 7.15291682e-02 1.70705608e-02 5.89322359e-01]\n",
      " [2.59997166e-01 2.30201905e-01 2.89129275e-01 3.47208560e-01]\n",
      " [7.18165742e-04 6.71377331e-01 6.69698339e-01 6.32673175e-02]\n",
      " [8.49433996e-03 2.68915958e-02 2.41018244e-02 2.01763695e-04]]\n"
     ]
    }
   ],
   "source": [
    "N = 3  # neurons\n",
    "K = 4  # states\n",
    "T = 50000  # time steps\n",
    "seed = None #1234 \n",
    "num_rep = 10\n",
    "\n",
    "#input: initialization of the parameters for the HMM\n",
    "#pi, gamma, r = initialize_parameters(N, K, seed)\n",
    "\n",
    "pi=np.array([1,0,0,0])\n",
    "gamma=np.array([[0.85,0.05,0.05,0.05],\n",
    "                [0.05,0.85,0.05,0.05],\n",
    "                [0.05,0.05,0.85,0.05],\n",
    "                [0.05,0.05,0.05,0.85]])\n",
    "r=np.array([[1,0,1,0],\n",
    "            [0,1,1,0],\n",
    "            [1,0,0,1],\n",
    "            [0,1,0,1]])\n",
    "\n",
    "\n",
    "type_run = \"Complexity increased keeping gamma very unbalanced, and increasing K (K=4)\"\n",
    "\n",
    "\n",
    "gibbs.run_simulation(T, N, K, seed, num_rep, pi, gamma, r, type_run)"
   ]
  },
  {
   "cell_type": "code",
   "execution_count": 4,
   "metadata": {},
   "outputs": [
    {
     "name": "stdout",
     "output_type": "stream",
     "text": [
      "Data is generated according to an HMM with the following parameters:\n",
      "Pi:\n",
      " [1 0 0 0 0]\n",
      "Gamma:\n",
      " [[0.8  0.05 0.05 0.05 0.05]\n",
      " [0.05 0.8  0.05 0.05 0.05]\n",
      " [0.05 0.05 0.8  0.05 0.05]\n",
      " [0.05 0.05 0.05 0.8  0.05]\n",
      " [0.05 0.05 0.05 0.05 0.8 ]]\n",
      "R:\n",
      " [[0.5        0.         0.5        0.         0.33333333]\n",
      " [0.         0.5        0.5        0.         0.        ]\n",
      " [0.5        0.         0.         0.5        0.33333333]\n",
      " [0.         0.5        0.         0.5        0.33333333]]\n",
      "50000 data points are generated, which are:\n",
      "Generated firings: [0 0 0 ... 2 3 3]\n",
      "Generated states: [0 0 0 ... 3 3 3]\n",
      "Rep 0...\n",
      "##########################\n",
      "Estimated values for the parameters\n",
      "Estimated Pi =  [0.25325494 0.2861533  0.13819913 0.16731266 0.15507997]\n",
      "Estimated Gamma =  [[0.26989273 0.39626539 0.00877058 0.03472199 0.29034931]\n",
      " [0.5541309  0.32977863 0.0075563  0.07841659 0.03011758]\n",
      " [0.1534362  0.11346727 0.08810396 0.63314821 0.01184437]\n",
      " [0.16736403 0.15413675 0.34907025 0.2910312  0.03839777]\n",
      " [0.18403957 0.60414934 0.06542993 0.07443695 0.07194421]]\n",
      "Estimated R =  [[9.91030855e-01 9.60749420e-01 9.27550770e-01 9.75386852e-01\n",
      "  8.62617002e-01]\n",
      " [3.84378389e-03 2.18097398e-02 3.50837278e-02 8.80338920e-03\n",
      "  8.98734828e-02]\n",
      " [1.88457282e-04 4.25719420e-03 2.75769158e-02 5.49717520e-03\n",
      "  2.03332993e-02]\n",
      " [4.93690352e-03 1.31836457e-02 9.78858590e-03 1.03125836e-02\n",
      "  2.71762164e-02]]\n",
      "Rep 1...\n",
      "##########################\n",
      "Estimated values for the parameters\n",
      "Estimated Pi =  [0.28901929 0.13479844 0.14170866 0.26773204 0.16674158]\n",
      "Estimated Gamma =  [[0.02448337 0.39000607 0.22231902 0.17921909 0.18397246]\n",
      " [0.11688624 0.38255141 0.13169095 0.09163566 0.27723575]\n",
      " [0.31463194 0.19649079 0.01007083 0.45244163 0.02636481]\n",
      " [0.03603542 0.20001201 0.3997853  0.30478545 0.05938181]\n",
      " [0.28671318 0.43817492 0.11315755 0.04433697 0.11761737]]\n",
      "Estimated R =  [[9.51290752e-01 9.81815801e-01 9.00551653e-01 9.73616715e-01\n",
      "  8.05972612e-01]\n",
      " [2.97152958e-03 1.04989788e-02 2.51933089e-02 8.15216230e-03\n",
      "  6.48669854e-02]\n",
      " [4.47564752e-02 5.76434522e-03 3.71787683e-02 6.01701785e-03\n",
      "  6.52544046e-02]\n",
      " [9.81242819e-04 1.92087544e-03 3.70762697e-02 1.22141051e-02\n",
      "  6.39059976e-02]]\n",
      "Rep 2...\n",
      "##########################\n",
      "Estimated values for the parameters\n",
      "Estimated Pi =  [0.12939424 0.07794799 0.43494679 0.13269438 0.2250166 ]\n",
      "Estimated Gamma =  [[0.00898945 0.46571198 0.20850554 0.22391245 0.09288058]\n",
      " [0.04883171 0.12485604 0.12107163 0.06478598 0.64045465]\n",
      " [0.06599541 0.02831615 0.0057255  0.72294238 0.17702056]\n",
      " [0.13259197 0.36214068 0.13121232 0.02891267 0.34514237]\n",
      " [0.00518871 0.51356275 0.03866822 0.03499703 0.40758328]]\n",
      "Estimated R =  [[0.82440532 0.95376244 0.92061441 0.92129109 0.96464535]\n",
      " [0.05383007 0.00139371 0.02804163 0.00413992 0.01381751]\n",
      " [0.10727042 0.0015857  0.01741435 0.01779597 0.01139014]\n",
      " [0.01449419 0.04325814 0.03392961 0.05677301 0.01014699]]\n",
      "Rep 3...\n",
      "##########################\n",
      "Estimated values for the parameters\n",
      "Estimated Pi =  [0.01517138 0.32415978 0.12580906 0.31465821 0.22020157]\n",
      "Estimated Gamma =  [[0.08091848 0.40351206 0.29884876 0.16447562 0.05224508]\n",
      " [0.056492   0.13477974 0.10029705 0.63550877 0.07292244]\n",
      " [0.10241795 0.1760271  0.12769523 0.44686713 0.14699259]\n",
      " [0.00870316 0.02320223 0.04235684 0.86626517 0.0594726 ]\n",
      " [0.02686595 0.07341395 0.44973077 0.37730795 0.07268138]]\n",
      "Estimated R =  [[2.02436310e-01 8.78227398e-01 8.93604629e-01 9.83624208e-01\n",
      "  8.06723660e-01]\n",
      " [1.23086669e-01 7.86013405e-02 6.43880535e-03 4.84046679e-03\n",
      "  3.08985730e-02]\n",
      " [5.97845352e-01 2.90854405e-02 4.41619134e-02 1.14725056e-02\n",
      "  1.06828787e-01]\n",
      " [7.66316692e-02 1.40858211e-02 5.57946519e-02 6.28194529e-05\n",
      "  5.55489802e-02]]\n",
      "Rep 4...\n",
      "##########################\n",
      "Estimated values for the parameters\n",
      "Estimated Pi =  [0.17429571 0.1864958  0.22710672 0.0889559  0.32314586]\n",
      "Estimated Gamma =  [[4.39768320e-01 3.79215178e-04 4.86284616e-02 9.83436702e-02\n",
      "  4.12880333e-01]\n",
      " [2.93728996e-01 4.81255945e-02 2.03011394e-02 2.93846029e-01\n",
      "  3.43998241e-01]\n",
      " [3.13312447e-01 8.82366104e-02 5.87134846e-02 3.03379622e-02\n",
      "  5.09399496e-01]\n",
      " [1.02479932e-01 2.27744666e-01 8.66359431e-02 6.17973678e-02\n",
      "  5.21342092e-01]\n",
      " [4.87656522e-03 1.49020256e-01 8.49493051e-02 1.13893646e-02\n",
      "  7.49764509e-01]]\n",
      "Estimated R =  [[0.93137416 0.93745045 0.95653792 0.88544564 0.98607651]\n",
      " [0.04819902 0.01457286 0.01008474 0.01759598 0.00121035]\n",
      " [0.00943721 0.02335701 0.00253224 0.07372049 0.00554001]\n",
      " [0.01098962 0.02461968 0.0308451  0.02323789 0.00717313]]\n",
      "Rep 5...\n",
      "##########################\n",
      "Estimated values for the parameters\n",
      "Estimated Pi =  [0.08866494 0.14166261 0.11693341 0.37446216 0.27827687]\n",
      "Estimated Gamma =  [[0.27352581 0.228478   0.10255422 0.22542942 0.17001255]\n",
      " [0.31217359 0.10692867 0.08248712 0.11185765 0.38655297]\n",
      " [0.19619926 0.0056968  0.26252657 0.35950094 0.17607643]\n",
      " [0.07048329 0.15429007 0.29303837 0.29900912 0.18317915]\n",
      " [0.07124691 0.02818465 0.16620061 0.10468782 0.62968001]]\n",
      "Estimated R =  [[0.8727868  0.75323545 0.97427112 0.90769492 0.97614637]\n",
      " [0.03198513 0.20911251 0.01925728 0.04386837 0.01334113]\n",
      " [0.07599736 0.02324679 0.00513335 0.0434759  0.00845161]\n",
      " [0.01923071 0.01440525 0.00133825 0.00496082 0.0020609 ]]\n",
      "Rep 6...\n",
      "##########################\n",
      "Estimated values for the parameters\n",
      "Estimated Pi =  [0.0213105  0.27494583 0.16246927 0.3736834  0.16759099]\n",
      "Estimated Gamma =  [[0.24207501 0.08265329 0.20863817 0.29238202 0.17425151]\n",
      " [0.03414245 0.14245984 0.05871908 0.75600615 0.00867248]\n",
      " [0.08506565 0.27899397 0.09376582 0.52033936 0.0218352 ]\n",
      " [0.01217946 0.06054665 0.05969717 0.8590646  0.00851212]\n",
      " [0.03698982 0.08969958 0.25551464 0.4594397  0.15835627]]\n",
      "Estimated R =  [[6.50398833e-01 9.45281664e-01 8.78871423e-01 9.85994291e-01\n",
      "  8.88624920e-01]\n",
      " [9.25752747e-02 1.73315086e-02 8.30105629e-02 2.02859018e-04\n",
      "  2.26600965e-02]\n",
      " [1.79350619e-01 2.04831850e-04 3.65990711e-02 6.37244065e-03\n",
      "  5.01068064e-02]\n",
      " [7.76752733e-02 3.71819959e-02 1.51894267e-03 7.43040918e-03\n",
      "  3.86081772e-02]]\n",
      "Rep 7...\n",
      "##########################\n",
      "Estimated values for the parameters\n",
      "Estimated Pi =  [0.30676382 0.26398865 0.13877053 0.07441874 0.21605826]\n",
      "Estimated Gamma =  [[0.1306738  0.70536935 0.08991279 0.01985215 0.05419193]\n",
      " [0.45036971 0.16225643 0.20307066 0.01329543 0.17100777]\n",
      " [0.29170555 0.14766749 0.13634344 0.02495076 0.39933276]\n",
      " [0.21640865 0.04427617 0.19041281 0.34768599 0.20121638]\n",
      " [0.51120182 0.03449526 0.15858631 0.04266932 0.2530473 ]]\n",
      "Estimated R =  [[0.94676174 0.97367783 0.9261373  0.50015635 0.97032288]\n",
      " [0.00777674 0.00720231 0.02255659 0.24774861 0.00360617]\n",
      " [0.02824141 0.01809616 0.00874299 0.10182935 0.01089667]\n",
      " [0.0172201  0.00102369 0.04256312 0.15026569 0.01517428]]\n",
      "Rep 8...\n",
      "##########################\n",
      "Estimated values for the parameters\n",
      "Estimated Pi =  [0.33850503 0.00092024 0.34091519 0.28934286 0.03031668]\n",
      "Estimated Gamma =  [[0.0977109  0.0332264  0.1514605  0.70998686 0.00761533]\n",
      " [0.13658675 0.09437562 0.24843145 0.00776631 0.51283987]\n",
      " [0.0132505  0.00208766 0.95140037 0.02933785 0.00392363]\n",
      " [0.0368663  0.02329261 0.71334328 0.20153812 0.02495969]\n",
      " [0.11736386 0.11884423 0.01853549 0.71899632 0.0262601 ]]\n",
      "Estimated R =  [[6.92312111e-01 4.37530224e-01 9.84333009e-01 9.48008510e-01\n",
      "  5.11096506e-01]\n",
      " [5.66776469e-02 3.60316114e-01 5.38042540e-03 1.15903865e-02\n",
      "  9.01103504e-02]\n",
      " [5.74863781e-02 9.48596166e-02 9.68807463e-03 1.45948735e-02\n",
      "  3.21063568e-01]\n",
      " [1.93523864e-01 1.07294046e-01 5.98491018e-04 2.58062297e-02\n",
      "  7.77295750e-02]]\n",
      "Rep 9...\n",
      "##########################\n",
      "Estimated values for the parameters\n",
      "Estimated Pi =  [0.23219309 0.10261171 0.34260438 0.15527609 0.16731473]\n",
      "Estimated Gamma =  [[0.23022538 0.12897276 0.49577755 0.11534767 0.02967663]\n",
      " [0.15957706 0.00244304 0.23926751 0.56815966 0.03055273]\n",
      " [0.00584997 0.16827    0.64065845 0.14178609 0.0434355 ]\n",
      " [0.13481267 0.48808973 0.16946965 0.11807647 0.08955147]\n",
      " [0.07395023 0.35341624 0.47705124 0.0011648  0.09441749]]\n",
      "Estimated R =  [[8.82972463e-01 9.32837775e-01 9.93708618e-01 8.50883017e-01\n",
      "  8.87668845e-01]\n",
      " [2.99661885e-02 3.06269272e-03 3.17503241e-03 5.94894570e-02\n",
      "  4.44617471e-05]\n",
      " [1.44658182e-02 3.25168365e-02 3.06489852e-03 1.75614133e-02\n",
      "  5.73373456e-03]\n",
      " [7.25955302e-02 3.15826956e-02 5.14507313e-05 7.20661129e-02\n",
      "  1.06552958e-01]]\n"
     ]
    }
   ],
   "source": [
    "N = 3  # neurons\n",
    "K = 5  # states\n",
    "T = 50000  # time steps\n",
    "seed = None #1234 \n",
    "num_rep = 10\n",
    "\n",
    "#input: initialization of the parameters for the HMM\n",
    "#pi, gamma, r = initialize_parameters(N, K, seed)\n",
    "\n",
    "pi=np.array([1,0,0,0,0])\n",
    "gamma=np.array([[0.8,0.05,0.05,0.05,0.05],\n",
    "                [0.05,0.8,0.05,0.05,0.05],\n",
    "                [0.05,0.05,0.8,0.05,0.05],\n",
    "                [0.05,0.05,0.05,0.8,0.05],\n",
    "                [0.05,0.05,0.05,0.05,0.8]])\n",
    "r=np.array([[1,0,1,0,1],\n",
    "            [0,1,1,0,0],\n",
    "            [1,0,0,1,1],\n",
    "            [0,1,0,1,1]])\n",
    "\n",
    "\n",
    "type_run = \"Complexity increased keeping gamma very unbalanced, and increasing K (K=5)\"\n",
    "\n",
    "\n",
    "gibbs.run_simulation(T, N, K, seed, num_rep, pi, gamma, r, type_run)\n"
   ]
  },
  {
   "cell_type": "code",
   "execution_count": 5,
   "metadata": {},
   "outputs": [
    {
     "name": "stdout",
     "output_type": "stream",
     "text": [
      "Data is generated according to an HMM with the following parameters:\n",
      "Pi:\n",
      " [1 0 0 0 0 0]\n",
      "Gamma:\n",
      " [[0.75 0.05 0.05 0.05 0.05 0.05]\n",
      " [0.05 0.75 0.05 0.05 0.05 0.05]\n",
      " [0.05 0.05 0.75 0.05 0.05 0.05]\n",
      " [0.05 0.05 0.05 0.75 0.05 0.05]\n",
      " [0.05 0.05 0.05 0.05 0.75 0.05]\n",
      " [0.05 0.05 0.05 0.05 0.05 0.75]]\n",
      "R:\n",
      " [[0.5        0.         0.5        0.         0.33333333 0.33333333]\n",
      " [0.         0.5        0.5        0.         0.         0.33333333]\n",
      " [0.5        0.         0.         0.5        0.33333333 0.        ]\n",
      " [0.         0.5        0.         0.5        0.33333333 0.33333333]]\n",
      "50000 data points are generated, which are:\n",
      "Generated firings: [2 0 0 ... 1 0 2]\n",
      "Generated states: [0 2 2 ... 5 4 4]\n",
      "Rep 0...\n",
      "##########################\n",
      "Estimated values for the parameters\n",
      "Estimated Pi =  [0.39043266 0.07410213 0.05043296 0.26255173 0.12623053 0.09624998]\n",
      "Estimated Gamma =  [[4.80827420e-03 4.10206371e-03 8.22848856e-02 4.54309725e-02\n",
      "  1.08394960e-01 7.54978844e-01]\n",
      " [8.98091540e-03 1.13748097e-01 2.79819821e-03 1.11584990e-01\n",
      "  5.37312237e-01 2.25575562e-01]\n",
      " [1.37258609e-01 1.71093419e-01 1.89170803e-02 1.69391666e-01\n",
      "  3.01425910e-02 4.73196634e-01]\n",
      " [3.54997932e-04 1.25275914e-01 3.06930823e-01 1.88191241e-01\n",
      "  2.97214036e-01 8.20329873e-02]\n",
      " [2.32132345e-02 3.41793221e-02 3.15974813e-02 1.25892270e-02\n",
      "  7.43960235e-01 1.54460500e-01]\n",
      " [6.30706854e-03 6.78544776e-01 9.75444506e-02 3.47838868e-02\n",
      "  1.08378558e-02 1.71981963e-01]]\n",
      "Estimated R =  [[0.05216728 0.57652953 0.69212344 0.3857062  0.00845061 0.76246421]\n",
      " [0.04196732 0.00944698 0.01756769 0.01885341 0.00152759 0.01112543]\n",
      " [0.89315267 0.40315062 0.17899895 0.41657317 0.13899102 0.1110374 ]\n",
      " [0.01271272 0.01087286 0.11130991 0.17886721 0.85103078 0.11537296]]\n",
      "Rep 1...\n",
      "##########################\n",
      "Estimated values for the parameters\n",
      "Estimated Pi =  [0.00316664 0.09984877 0.12554211 0.2267383  0.13424905 0.41045513]\n",
      "Estimated Gamma =  [[0.1765059  0.35586389 0.11008471 0.15740482 0.09393618 0.10620451]\n",
      " [0.10970513 0.04943279 0.32525418 0.06581501 0.28698712 0.16280577]\n",
      " [0.23186913 0.02256616 0.04124618 0.13782019 0.48085807 0.08564027]\n",
      " [0.136475   0.38593954 0.0583783  0.31535069 0.07980194 0.02405454]\n",
      " [0.07180229 0.01520371 0.21372968 0.29416894 0.29593571 0.10915967]\n",
      " [0.43525568 0.21786643 0.14642085 0.11032665 0.0863624  0.003768  ]]\n",
      "Estimated R =  [[0.84826866 0.46486618 0.22937078 0.41594519 0.03643228 0.1812819 ]\n",
      " [0.00522858 0.00259431 0.00653725 0.0159635  0.01756487 0.06195377]\n",
      " [0.05614666 0.28135598 0.53746794 0.32930329 0.23592096 0.73809539]\n",
      " [0.09035611 0.25118354 0.22662402 0.23878802 0.7100819  0.01866894]]\n",
      "Rep 2...\n",
      "##########################\n",
      "Estimated values for the parameters\n",
      "Estimated Pi =  [0.05699893 0.47731985 0.12280025 0.00116329 0.07019676 0.27152093]\n",
      "Estimated Gamma =  [[0.2240881  0.02824857 0.04378105 0.62587748 0.00544964 0.07255516]\n",
      " [0.75199374 0.02292484 0.14576601 0.00215946 0.02384024 0.05331571]\n",
      " [0.20006123 0.00829232 0.41093507 0.05403328 0.32174745 0.00493066]\n",
      " [0.21172991 0.0073587  0.18022824 0.06975799 0.52197051 0.00895465]\n",
      " [0.05673565 0.00823595 0.31827023 0.48386338 0.03234459 0.10055019]\n",
      " [0.59883419 0.02049327 0.02400018 0.13078537 0.14938866 0.07649832]]\n",
      "Estimated R =  [[0.68853192 0.08980819 0.01926845 0.43505089 0.0112175  0.28148728]\n",
      " [0.00255663 0.00930196 0.0129647  0.00255376 0.00220822 0.08786946]\n",
      " [0.29970793 0.84516581 0.05077495 0.01455869 0.3775336  0.60506758]\n",
      " [0.00920352 0.05572404 0.91699191 0.54783665 0.60904068 0.02557568]]\n",
      "Rep 3...\n",
      "##########################\n",
      "Estimated values for the parameters\n",
      "Estimated Pi =  [0.20641016 0.04576017 0.05792234 0.36082301 0.28445855 0.04462577]\n",
      "Estimated Gamma =  [[0.25646784 0.03010507 0.30985294 0.13872137 0.2511066  0.01374619]\n",
      " [0.08591409 0.11331727 0.48292178 0.05290188 0.04577257 0.2191724 ]\n",
      " [0.01720522 0.02497941 0.17978361 0.61459434 0.11236693 0.05107048]\n",
      " [0.02340201 0.05340028 0.00717491 0.01635347 0.31495949 0.58470984]\n",
      " [0.41339042 0.05898812 0.28368319 0.10864828 0.04514135 0.09014863]\n",
      " [0.03419351 0.78796077 0.01816946 0.04660707 0.03546307 0.07760613]]\n",
      "Estimated R =  [[0.657662   0.06312719 0.82669955 0.04401078 0.45619317 0.02854433]\n",
      " [0.0052239  0.01222157 0.03330589 0.04355745 0.02509101 0.00712852]\n",
      " [0.31095835 0.06958022 0.03126211 0.90478478 0.50444173 0.05329544]\n",
      " [0.02615575 0.85507102 0.10873245 0.007647   0.01427409 0.9110317 ]]\n",
      "Rep 4...\n",
      "##########################\n",
      "Estimated values for the parameters\n",
      "Estimated Pi =  [0.25303226 0.0319307  0.30345485 0.08751831 0.23177855 0.09228533]\n",
      "Estimated Gamma =  [[0.07262569 0.02277892 0.12496635 0.10491305 0.12026065 0.55445535]\n",
      " [0.7156782  0.18132061 0.00250937 0.07357772 0.01242108 0.01449302]\n",
      " [0.0598513  0.41855644 0.02708606 0.2027613  0.17092787 0.12081703]\n",
      " [0.05178461 0.50775985 0.09518348 0.31167005 0.02638255 0.00721946]\n",
      " [0.01704098 0.65240889 0.05812521 0.01442801 0.14487875 0.11311816]\n",
      " [0.04550523 0.02027515 0.21454306 0.65338286 0.03242661 0.03386708]]\n",
      "Estimated R =  [[0.08129111 0.89422316 0.15278145 0.12427493 0.45105489 0.0134198 ]\n",
      " [0.01682678 0.00224468 0.00515903 0.00949928 0.07030578 0.01877458]\n",
      " [0.86805533 0.02461286 0.36561624 0.14164626 0.47329319 0.37094091]\n",
      " [0.03382678 0.0789193  0.47644328 0.72457953 0.00534614 0.59686471]]\n",
      "Rep 5...\n",
      "##########################\n",
      "Estimated values for the parameters\n",
      "Estimated Pi =  [2.68116270e-02 1.10918941e-01 5.71930620e-01 2.66899399e-01\n",
      " 2.33105888e-02 1.28824023e-04]\n",
      "Estimated Gamma =  [[0.17202732 0.5190573  0.00602464 0.04506839 0.0067684  0.25105395]\n",
      " [0.11402414 0.20880598 0.06102802 0.18530501 0.30947093 0.12136591]\n",
      " [0.0018777  0.01187676 0.02777132 0.14276895 0.81360018 0.0021051 ]\n",
      " [0.02621134 0.13640437 0.01422741 0.12799963 0.65028497 0.04487228]\n",
      " [0.0529414  0.03989328 0.01010724 0.05591894 0.03106468 0.81007445]\n",
      " [0.31146483 0.00678641 0.26898664 0.22100007 0.18470886 0.00705319]]\n",
      "Estimated R =  [[7.59606085e-02 4.45668825e-02 3.92255723e-02 9.10319868e-03\n",
      "  6.27115379e-01 7.36320114e-01]\n",
      " [1.61702695e-02 8.64614110e-03 1.89665675e-02 1.65478210e-02\n",
      "  6.32613737e-03 2.71476392e-02]\n",
      " [4.05474740e-01 1.45119214e-01 9.36048909e-01 5.12877492e-01\n",
      "  5.77134150e-02 3.56642325e-04]\n",
      " [5.02394382e-01 8.01667762e-01 5.75895118e-03 4.61471489e-01\n",
      "  3.08845068e-01 2.36175604e-01]]\n",
      "Rep 6...\n",
      "##########################\n",
      "Estimated values for the parameters\n",
      "Estimated Pi =  [0.13259581 0.10179627 0.15106959 0.01473663 0.55237849 0.04742321]\n",
      "Estimated Gamma =  [[0.05577781 0.01374428 0.26375031 0.2124902  0.30545447 0.14878293]\n",
      " [0.18964996 0.03944757 0.10953988 0.23769133 0.10280775 0.32086352]\n",
      " [0.00146013 0.0740627  0.43982909 0.42763831 0.02235905 0.03465073]\n",
      " [0.1021998  0.19662501 0.3837682  0.12515139 0.13461757 0.05763803]\n",
      " [0.00434072 0.44403158 0.08144207 0.27023426 0.11669809 0.08325327]\n",
      " [0.06611205 0.06775233 0.25712023 0.0107222  0.58808635 0.01020685]]\n",
      "Estimated R =  [[0.14126541 0.51887659 0.10876521 0.18766931 0.36089353 0.78799346]\n",
      " [0.00287031 0.00148165 0.02592719 0.042755   0.00974743 0.04799772]\n",
      " [0.49049872 0.09865371 0.26412985 0.08584401 0.61853994 0.05363124]\n",
      " [0.36536555 0.38098805 0.60117775 0.68373167 0.01081909 0.11037758]]\n",
      "Rep 7...\n",
      "##########################\n",
      "Estimated values for the parameters\n",
      "Estimated Pi =  [0.30605395 0.04853566 0.05055154 0.21157606 0.156725   0.2265578 ]\n",
      "Estimated Gamma =  [[0.19041399 0.29157342 0.04800271 0.23587222 0.23273187 0.0014058 ]\n",
      " [0.05773714 0.34558527 0.03442461 0.329179   0.13957544 0.09349853]\n",
      " [0.0083725  0.15255033 0.16974069 0.09682963 0.04531816 0.52718869]\n",
      " [0.00881803 0.10134852 0.76351748 0.06407888 0.02428162 0.03795546]\n",
      " [0.17294709 0.08280033 0.34161371 0.12500595 0.10521187 0.17242104]\n",
      " [0.58266311 0.079792   0.11576206 0.12053285 0.01376748 0.0874825 ]]\n",
      "Estimated R =  [[0.02851192 0.17678125 0.90393265 0.58983379 0.12389544 0.09666923]\n",
      " [0.00635827 0.00824154 0.02732837 0.0095576  0.04652683 0.00893994]\n",
      " [0.28272876 0.10108114 0.05949902 0.23031144 0.31042087 0.81089937]\n",
      " [0.68240104 0.71389607 0.00923997 0.17029717 0.51915687 0.08349146]]\n",
      "Rep 8...\n",
      "##########################\n",
      "Estimated values for the parameters\n",
      "Estimated Pi =  [0.048345   0.47417746 0.01403736 0.03974638 0.01318258 0.4105112 ]\n",
      "Estimated Gamma =  [[1.58161888e-01 6.34932405e-01 2.17671370e-02 1.36321379e-01\n",
      "  1.76546138e-02 3.11625772e-02]\n",
      " [1.10084481e-01 1.54272980e-02 7.80510194e-03 8.11707659e-01\n",
      "  1.80181453e-02 3.69573152e-02]\n",
      " [8.83092299e-02 4.21647781e-01 5.68348607e-03 8.59956262e-03\n",
      "  3.71532053e-02 4.38606736e-01]\n",
      " [6.58838937e-01 3.66992313e-02 2.69225922e-01 1.56761182e-02\n",
      "  1.68348847e-02 2.72490723e-03]\n",
      " [3.28943805e-01 9.61318733e-02 5.38263825e-02 2.91986315e-02\n",
      "  5.11527285e-02 4.40746580e-01]\n",
      " [2.50684061e-04 1.34396126e-03 1.22187094e-03 9.44964379e-01\n",
      "  2.08871003e-02 3.13320045e-02]]\n",
      "Estimated R =  [[5.02426814e-01 6.37761188e-03 4.67757487e-01 4.34918508e-01\n",
      "  1.64301627e-01 7.07839127e-04]\n",
      " [1.17163481e-02 3.48619426e-02 9.69333564e-02 1.09433097e-02\n",
      "  7.58218822e-02 1.22627512e-03]\n",
      " [4.46502442e-02 9.44968559e-01 4.83615156e-02 1.19254072e-02\n",
      "  1.13622861e-01 9.68226750e-01]\n",
      " [4.41206594e-01 1.37918865e-02 3.86947641e-01 5.42212775e-01\n",
      "  6.46253630e-01 2.98391354e-02]]\n",
      "Rep 9...\n",
      "##########################\n",
      "Estimated values for the parameters\n",
      "Estimated Pi =  [0.05354218 0.05634632 0.34788212 0.01538083 0.28433893 0.24250963]\n",
      "Estimated Gamma =  [[3.63971004e-02 4.58854463e-03 2.44091104e-01 2.16163175e-02\n",
      "  5.23069038e-01 1.70237896e-01]\n",
      " [9.86075258e-02 2.93835158e-02 6.12311091e-02 6.07809699e-01\n",
      "  1.29253979e-01 7.37141715e-02]\n",
      " [1.29318137e-01 4.89823229e-01 1.04203967e-01 8.61441365e-02\n",
      "  1.18585014e-01 7.19255170e-02]\n",
      " [3.57194151e-02 1.00486649e-01 7.30969224e-03 8.16065218e-01\n",
      "  3.43164200e-02 6.10260539e-03]\n",
      " [1.20501399e-01 3.26398132e-01 1.61263213e-02 2.21464385e-03\n",
      "  4.59249400e-01 7.55101043e-02]\n",
      " [4.17328784e-01 6.02298497e-04 2.48458929e-01 1.33156444e-01\n",
      "  1.19521701e-01 8.09318442e-02]]\n",
      "Estimated R =  [[0.79209979 0.29100681 0.42087662 0.04588377 0.58775126 0.29138698]\n",
      " [0.00809668 0.00238416 0.00955966 0.00344777 0.00397847 0.06104569]\n",
      " [0.02596259 0.44315948 0.53435977 0.05882596 0.31726929 0.57688771]\n",
      " [0.17384093 0.26344955 0.03520395 0.89184249 0.09100097 0.07067962]]\n"
     ]
    }
   ],
   "source": [
    "N = 3  # neurons\n",
    "K = 6  # states\n",
    "T = 50000  # time steps\n",
    "seed = None #1234 \n",
    "num_rep = 10\n",
    "\n",
    "#input: initialization of the parameters for the HMM\n",
    "#pi, gamma, r = initialize_parameters(N, K, seed)\n",
    "\n",
    "pi=np.array([1,0,0,0,0,0])\n",
    "gamma=np.array([[0.75,0.05,0.05,0.05,0.05,0.05],\n",
    "                [0.05,0.75,0.05,0.05,0.05,0.05],\n",
    "                [0.05,0.05,0.75,0.05,0.05,0.05],\n",
    "                [0.05,0.05,0.05,0.75,0.05,0.05],\n",
    "                [0.05,0.05,0.05,0.05,0.75,0.05],\n",
    "                [0.05,0.05,0.05,0.05,0.05,0.75]])\n",
    "r=np.array([[1,0,1,0,1,1],\n",
    "            [0,1,1,0,0,1],\n",
    "            [1,0,0,1,1,0],\n",
    "            [0,1,0,1,1,1]])\n",
    "\n",
    "\n",
    "type_run = \"Complexity increased keeping gamma very unbalanced, and increasing K (K=6)\"\n",
    "\n",
    "gibbs.run_simulation(T, N, K, seed, num_rep, pi, gamma, r, type_run)"
   ]
  },
  {
   "cell_type": "code",
   "execution_count": 6,
   "metadata": {},
   "outputs": [
    {
     "name": "stdout",
     "output_type": "stream",
     "text": [
      "Data is generated according to an HMM with the following parameters:\n",
      "Pi:\n",
      " [1 0 0 0 0 0 0]\n",
      "Gamma:\n",
      " [[0.7  0.05 0.05 0.05 0.05 0.05 0.05]\n",
      " [0.05 0.7  0.05 0.05 0.05 0.05 0.05]\n",
      " [0.05 0.05 0.7  0.05 0.05 0.05 0.05]\n",
      " [0.05 0.05 0.05 0.7  0.05 0.05 0.05]\n",
      " [0.05 0.05 0.05 0.05 0.7  0.05 0.05]\n",
      " [0.05 0.05 0.05 0.05 0.05 0.7  0.05]\n",
      " [0.05 0.05 0.05 0.05 0.05 0.05 0.7 ]]\n",
      "R:\n",
      " [[0.5        0.         0.5        0.         0.33333333 0.33333333\n",
      "  0.33333333]\n",
      " [0.         0.5        0.5        0.         0.         0.33333333\n",
      "  0.33333333]\n",
      " [0.5        0.         0.         0.5        0.33333333 0.\n",
      "  0.33333333]\n",
