{
 "cells": [
  {
   "cell_type": "code",
   "execution_count": 1,
   "metadata": {},
   "outputs": [],
   "source": [
    "import gibbs\n",
    "import numpy as np"
   ]
  },
  {
   "cell_type": "code",
   "execution_count": 2,
   "metadata": {},
   "outputs": [
    {
     "name": "stdout",
     "output_type": "stream",
     "text": [
      "Data is generated according to an HMM with the following parameters:\n",
      "Pi:\n",
      " [1 0]\n",
      "Gamma:\n",
      " [[0.9 0.1]\n",
      " [0.1 0.9]]\n",
      "R:\n",
      " [[0.5 0. ]\n",
      " [0.  0.5]\n",
      " [0.5 0. ]\n",
      " [0.  0.5]]\n",
      "50000 data points are generated, which are:\n",
      "Generated firings: [2 2 2 ... 0 0 2]\n",
      "Generated states: [0 0 0 ... 0 0 0]\n",
      "Rep 0...\n",
      "##########################\n",
      "Estimated values for the parameters\n",
      "Estimated Pi =  [0.99541267 0.00458733]\n",
      "Estimated Gamma =  [[0.90883388 0.09116612]\n",
      " [0.08909989 0.91090011]]\n",
      "Estimated R =  [[0.48548494 0.00741732]\n",
      " [0.01201551 0.4983155 ]\n",
      " [0.49186804 0.00703504]\n",
      " [0.01063151 0.48723213]]\n",
      "Rep 1...\n",
      "##########################\n",
      "Estimated values for the parameters\n",
      "Estimated Pi =  [0.2531916 0.7468084]\n",
      "Estimated Gamma =  [[0.59540691 0.40459309]\n",
      " [0.67733746 0.32266254]]\n",
      "Estimated R =  [[0.28438228 0.17705781]\n",
      " [0.32473635 0.14503013]\n",
      " [0.14249972 0.42306854]\n",
      " [0.24838165 0.25484352]]\n",
      "Rep 2...\n",
      "##########################\n",
      "Estimated values for the parameters\n",
      "Estimated Pi =  [0.99790942 0.00209058]\n",
      "Estimated Gamma =  [[0.91039016 0.08960984]\n",
      " [0.08702494 0.91297506]]\n",
      "Estimated R =  [[0.4878151  0.00671001]\n",
      " [0.0072751  0.50139942]\n",
      " [0.49895067 0.00252215]\n",
      " [0.00595913 0.48936842]]\n",
      "Rep 3...\n",
      "##########################\n",
      "Estimated values for the parameters\n",
      "Estimated Pi =  [0.09519074 0.90480926]\n",
      "Estimated Gamma =  [[0.81483014 0.18516986]\n",
      " [0.12721629 0.87278371]]\n",
      "Estimated R =  [[0.01454874 0.40042327]\n",
      " [0.39652378 0.16341542]\n",
      " [0.00249874 0.41347792]\n",
      " [0.58642875 0.02268339]]\n",
      "Rep 4...\n",
      "##########################\n",
      "Estimated values for the parameters\n",
      "Estimated Pi =  [0.57627431 0.42372569]\n",
      "Estimated Gamma =  [[0.90508887 0.09491113]\n",
      " [0.93151595 0.06848405]]\n",
      "Estimated R =  [[0.23364736 0.35251788]\n",
      " [0.27970327 0.03162019]\n",
      " [0.24492151 0.27378973]\n",
      " [0.24172786 0.34207221]]\n",
      "Rep 5...\n",
      "##########################\n",
      "Estimated values for the parameters\n",
      "Estimated Pi =  [0.4564231 0.5435769]\n",
      "Estimated Gamma =  [[0.52757108 0.47242892]\n",
      " [0.41104131 0.58895869]]\n",
      "Estimated R =  [[0.29467213 0.19949752]\n",
      " [0.46003775 0.08158273]\n",
      " [0.19619733 0.29274148]\n",
      " [0.04909279 0.42617827]]\n",
      "Rep 6...\n",
      "##########################\n",
      "Estimated values for the parameters\n",
      "Estimated Pi =  [0.81511597 0.18488403]\n",
      "Estimated Gamma =  [[0.92800055 0.07199945]\n",
      " [0.967038   0.032962  ]]\n",
      "Estimated R =  [[0.21625586 0.62281102]\n",
      " [0.27209964 0.06904128]\n",
      " [0.26266982 0.04459576]\n",
      " [0.24897469 0.26355194]]\n",
      "Rep 7...\n",
      "##########################\n",
      "Estimated values for the parameters\n",
      "Estimated Pi =  [0.98726581 0.01273419]\n",
      "Estimated Gamma =  [[0.90809996 0.09190004]\n",
      " [0.08790422 0.91209578]]\n",
      "Estimated R =  [[0.49427799 0.00431611]\n",
      " [0.00375844 0.50107735]\n",
      " [0.49888763 0.00546135]\n",
      " [0.00307594 0.48914518]]\n",
      "Rep 8...\n",
      "##########################\n",
      "Estimated values for the parameters\n",
      "Estimated Pi =  [0.95650753 0.04349247]\n",
      "Estimated Gamma =  [[0.81789151 0.18210849]\n",
      " [0.17889666 0.82110334]]\n",
      "Estimated R =  [[0.42229461 0.07003963]\n",
      " [0.10848094 0.40340873]\n",
      " [0.44416758 0.05441326]\n",
      " [0.02505686 0.47213838]]\n",
      "Rep 9...\n",
      "##########################\n",
      "Estimated values for the parameters\n",
      "Estimated Pi =  [0.99694879 0.00305121]\n",
      "Estimated Gamma =  [[0.90566797 0.09433203]\n",
      " [0.09005233 0.90994767]]\n",
      "Estimated R =  [[0.48342783 0.01668549]\n",
      " [0.01575915 0.48768451]\n",
      " [0.5000902  0.0066841 ]\n",
      " [0.00072283 0.4889459 ]]\n"
     ]
    }
   ],
   "source": [
    "N = 3  # neurons\n",
    "K = 2  # states\n",
    "T = 50000  # time steps\n",
    "seed = None #1234 \n",
    "num_rep = 10\n",
    "\n",
    "\n",
    "pi=np.array([1,0])\n",
    "\n",
    "gamma=np.array([[0.9,0.1],\n",
    "                [0.1,0.9]])\n",
    "\n",
    "r=np.array([[1,0],\n",
    "            [0,1],\n",
    "            [1,0],\n",
    "            [0,1]])\n",
    "\n",
    "\n",
    "type_run = \"Complexity increased keeping gamma very unbalanced, and increasing K (K=2)\"\n",
    "\n",
    "\n",
    "gibbs.run_simulation(T, N, K, seed, num_rep, pi, gamma, r, type_run)"
   ]
  },
  {
   "cell_type": "code",
   "execution_count": 3,
   "metadata": {},
   "outputs": [
    {
     "name": "stdout",
     "output_type": "stream",
     "text": [
      "Data is generated according to an HMM with the following parameters:\n",
      "Pi:\n",
      " [1 0 0 0]\n",
      "Gamma:\n",
      " [[0.85 0.05 0.05 0.05]\n",
      " [0.05 0.85 0.05 0.05]\n",
      " [0.05 0.05 0.85 0.05]\n",
      " [0.05 0.05 0.05 0.85]]\n",
      "R:\n",
      " [[0.5 0.  0.5 0. ]\n",
      " [0.  0.5 0.5 0. ]\n",
      " [0.5 0.  0.  0.5]\n",
      " [0.  0.5 0.  0.5]]\n",
      "50000 data points are generated, which are:\n",
      "Generated firings: [0 2 1 ... 3 1 3]\n",
      "Generated states: [0 0 2 ... 1 1 1]\n",
      "Rep 0...\n",
      "##########################\n",
      "Estimated values for the parameters\n",
      "Estimated Pi =  [0.18246565 0.56692708 0.11644085 0.13416642]\n",
      "Estimated Gamma =  [[1.02959698e-01 5.08410517e-04 3.87639743e-01 5.08892148e-01]\n",
      " [5.61087190e-02 7.45821304e-01 1.01933185e-01 9.61367927e-02]\n",
      " [1.60218081e-01 2.20738253e-01 5.77075905e-01 4.19677604e-02]\n",
      " [4.03960710e-01 3.08417889e-01 1.19075955e-01 1.68545446e-01]]\n",
      "Estimated R =  [[0.04722227 0.48181839 0.08973341 0.06663005]\n",
      " [0.07958056 0.40685933 0.15223264 0.13229912]\n",
      " [0.43984615 0.06943854 0.17437477 0.73127959]\n",
      " [0.43335102 0.04188374 0.58365918 0.06979124]]\n",
      "Rep 1...\n",
      "##########################\n",
      "Estimated values for the parameters\n",
      "Estimated Pi =  [0.83384021 0.07280981 0.0715122  0.02183777]\n",
      "Estimated Gamma =  [[0.50445642 0.17703087 0.21378201 0.1047307 ]\n",
      " [0.08449018 0.76725823 0.03351348 0.11473811]\n",
      " [0.25275787 0.02792732 0.43307697 0.28623785]\n",
      " [0.08648266 0.13881704 0.16353004 0.61117025]]\n",
      "Estimated R =  [[0.58422962 0.32643038 0.05844021 0.03503685]\n",
      " [0.09954852 0.51679211 0.00163439 0.1808533 ]\n",
      " [0.30068481 0.00236287 0.92741507 0.09725171]\n",
      " [0.01553705 0.15441463 0.01251033 0.68685815]]\n",
      "Rep 2...\n",
      "##########################\n",
      "Estimated values for the parameters\n",
      "Estimated Pi =  [0.18659722 0.03575163 0.26802    0.50963114]\n",
      "Estimated Gamma =  [[0.02280979 0.58644481 0.10952526 0.28122014]\n",
      " [0.28332389 0.5851127  0.08240436 0.04915905]\n",
      " [0.14783626 0.05873396 0.53498069 0.25844908]\n",
      " [0.14749984 0.14187171 0.26837087 0.44225757]]\n",
      "Estimated R =  [[0.32507198 0.059854   0.23186016 0.49608955]\n",
      " [0.08211263 0.62504804 0.02796148 0.01155155]\n",
      " [0.04019493 0.01422249 0.67428503 0.34850202]\n",
      " [0.55262046 0.30087547 0.06589332 0.14385688]]\n",
      "Rep 3...\n",
      "##########################\n",
      "Estimated values for the parameters\n",
      "Estimated Pi =  [0.05118834 0.7733863  0.16892687 0.00649848]\n",
      "Estimated Gamma =  [[0.58322264 0.06977452 0.23741956 0.10958329]\n",
      " [0.10309029 0.51381971 0.26363494 0.11945507]\n",
      " [0.45931732 0.31868529 0.10263543 0.11936196]\n",
      " [0.32873315 0.00831003 0.66027348 0.00268334]]\n",
      "Estimated R =  [[0.0390925  0.8453745  0.15139675 0.01243466]\n",
      " [0.19963276 0.11495755 0.39644548 0.36733725]\n",
      " [0.25279685 0.02419443 0.35052131 0.50506369]\n",
      " [0.50847789 0.01547351 0.10163646 0.1151644 ]]\n",
      "Rep 4...\n",
      "##########################\n",
      "Estimated values for the parameters\n",
      "Estimated Pi =  [0.09850237 0.02525415 0.35884686 0.51739663]\n",
      "Estimated Gamma =  [[0.43526458 0.06263439 0.39522931 0.10687171]\n",
      " [0.05917716 0.74589742 0.03716448 0.15776095]\n",
      " [0.1203505  0.23377507 0.22980884 0.41606559]\n",
      " [0.15158962 0.24556666 0.29417296 0.30867076]]\n",
      "Estimated R =  [[0.14934207 0.01381249 0.63960836 0.43199919]\n",
      " [0.54642104 0.21433023 0.12197707 0.21846767]\n",
      " [0.29092098 0.35221364 0.06055135 0.19457823]\n",
      " [0.01331591 0.41964364 0.17786322 0.1549549 ]]\n",
      "Rep 5...\n",
      "##########################\n",
      "Estimated values for the parameters\n",
      "Estimated Pi =  [0.13064638 0.00118782 0.83528161 0.03288419]\n",
      "Estimated Gamma =  [[0.40216085 0.2319596  0.18259034 0.18328921]\n",
      " [0.38492889 0.25428876 0.12332562 0.23745673]\n",
      " [0.17507439 0.0171353  0.80109883 0.00669148]\n",
      " [0.01292081 0.15333592 0.03221201 0.80153127]]\n",
      "Estimated R =  [[2.42319481e-01 7.98454225e-02 5.90846815e-01 8.17922815e-03]\n",
      " [6.34594077e-01 6.39667642e-01 4.65608870e-02 6.49049478e-02]\n",
      " [4.64758971e-02 5.58201000e-02 3.62141853e-01 3.41219483e-01]\n",
      " [7.66105448e-02 2.24666835e-01 4.50445348e-04 5.85696341e-01]]\n",
      "Rep 6...\n",
      "##########################\n",
      "Estimated values for the parameters\n",
      "Estimated Pi =  [0.00434846 0.73229871 0.2435645  0.01978833]\n",
      "Estimated Gamma =  [[0.61333831 0.17408421 0.03804112 0.17453636]\n",
      " [0.2265925  0.41548653 0.28165543 0.07626554]\n",
      " [0.00543535 0.28507258 0.54854473 0.16094734]\n",
      " [0.07639838 0.11635604 0.14788032 0.65936526]]\n",
      "Estimated R =  [[0.03186473 0.53595719 0.36579117 0.04294697]\n",
      " [0.00110753 0.07241732 0.62171646 0.23058143]\n",
      " [0.80014828 0.27004292 0.01008262 0.06533863]\n",
      " [0.16687946 0.12158257 0.00240975 0.66113296]]\n",
      "Rep 7...\n",
      "##########################\n",
      "Estimated values for the parameters\n",
      "Estimated Pi =  [0.26243285 0.37780197 0.23765336 0.12211182]\n",
      "Estimated Gamma =  [[0.1665645  0.11820505 0.29037351 0.42485694]\n",
      " [0.21612309 0.05719194 0.72433238 0.00235259]\n",
      " [0.32478093 0.25869668 0.1807912  0.23573119]\n",
      " [0.54265259 0.07193529 0.14594757 0.23946456]]\n",
      "Estimated R =  [[0.17181865 0.45513192 0.33779318 0.13531377]\n",
      " [0.30511388 0.16415936 0.15987508 0.31643203]\n",
      " [0.21849451 0.29809402 0.31125513 0.2040988 ]\n",
      " [0.30457296 0.0826147  0.19107661 0.34415539]]\n",
      "Rep 8...\n",
      "##########################\n",
      "Estimated values for the parameters\n",
      "Estimated Pi =  [0.3523431  0.4456268  0.07209912 0.12993097]\n",
      "Estimated Gamma =  [[0.23108332 0.29644549 0.19820549 0.2742657 ]\n",
      " [0.55098813 0.37556844 0.05217824 0.02126519]\n",
      " [0.08180164 0.0209072  0.81390493 0.08338623]\n",
      " [0.28958192 0.28465587 0.17938097 0.24638125]]\n",
      "Estimated R =  [[0.30432266 0.29020042 0.25125271 0.08354388]\n",
      " [0.11154294 0.0153542  0.45897604 0.12863022]\n",
      " [0.34630345 0.52475272 0.00207916 0.50811677]\n",
      " [0.23783096 0.16969267 0.28769209 0.27970913]]\n",
      "Rep 9...\n",
      "##########################\n",
      "Estimated values for the parameters\n",
      "Estimated Pi =  [0.01434504 0.4898286  0.36342309 0.13240327]\n",
      "Estimated Gamma =  [[0.02491578 0.21291231 0.43653151 0.3256404 ]\n",
      " [0.23208275 0.61225676 0.10775983 0.04790067]\n",
      " [0.39502885 0.38121931 0.08543453 0.13831731]\n",
      " [0.54181065 0.05867961 0.28741757 0.11209217]]\n",
      "Estimated R =  [[0.14858152 0.37762559 0.21721921 0.13467257]\n",
      " [0.41054318 0.05399542 0.1814442  0.54948107]\n",
      " [0.21220983 0.42574164 0.11195163 0.08542224]\n",
      " [0.22866547 0.14263734 0.48938497 0.23042412]]\n"
     ]
    }
   ],
   "source": [
    "N = 3  # neurons\n",
    "K = 4  # states\n",
    "T = 50000  # time steps\n",
    "seed = None #1234 \n",
    "num_rep = 10\n",
    "\n",
    "#input: initialization of the parameters for the HMM\n",
    "#pi, gamma, r = initialize_parameters(N, K, seed)\n",
    "\n",
    "pi=np.array([1,0,0,0])\n",
    "gamma=np.array([[0.85,0.05,0.05,0.05],\n",
    "                [0.05,0.85,0.05,0.05],\n",
    "                [0.05,0.05,0.85,0.05],\n",
    "                [0.05,0.05,0.05,0.85]])\n",
    "r=np.array([[1,0,1,0],\n",
    "            [0,1,1,0],\n",
    "            [1,0,0,1],\n",
    "            [0,1,0,1]])\n",
    "\n",
    "\n",
    "type_run = \"Complexity increased keeping gamma very unbalanced, and increasing K (K=4)\"\n",
    "\n",
    "\n",
    "gibbs.run_simulation(T, N, K, seed, num_rep, pi, gamma, r, type_run)\n"
   ]
  },
  {
   "cell_type": "code",
   "execution_count": 4,
   "metadata": {},
   "outputs": [
    {
     "name": "stdout",
     "output_type": "stream",
     "text": [
      "Data is generated according to an HMM with the following parameters:\n",
      "Pi:\n",
      " [1 0 0 0 0]\n",
      "Gamma:\n",
      " [[0.8  0.05 0.05 0.05 0.05]\n",
      " [0.05 0.8  0.05 0.05 0.05]\n",
      " [0.05 0.05 0.8  0.05 0.05]\n",
      " [0.05 0.05 0.05 0.8  0.05]\n",
      " [0.05 0.05 0.05 0.05 0.8 ]]\n",
      "R:\n",
      " [[0.5        0.         0.5        0.         0.33333333]\n",
      " [0.         0.5        0.5        0.         0.        ]\n",
      " [0.5        0.         0.         0.5        0.33333333]\n",
      " [0.         0.5        0.         0.5        0.33333333]]\n",
      "50000 data points are generated, which are:\n",
      "Generated firings: [2 0 0 ... 0 2 0]\n",
      "Generated states: [0 0 2 ... 0 0 0]\n",
      "Rep 0...\n",
      "##########################\n",
      "Estimated values for the parameters\n",
      "Estimated Pi =  [0.11221228 0.26734028 0.3366089  0.20449919 0.07933935]\n",
      "Estimated Gamma =  [[0.09586571 0.1922322  0.19579756 0.18084674 0.33525779]\n",
      " [0.05570008 0.01710529 0.47206039 0.26569931 0.18943492]\n",
      " [0.46844947 0.00770398 0.06288182 0.22652934 0.23443539]\n",
      " [0.27701487 0.09370166 0.24140624 0.37039874 0.01747849]\n",
      " [0.34064467 0.12246491 0.32691448 0.06535479 0.14462114]]\n",
      "Estimated R =  [[0.21727447 0.04367282 0.35091919 0.44609796 0.15964825]\n",
      " [0.13005928 0.40222207 0.10100665 0.40776631 0.10232856]\n",
      " [0.25740338 0.40199975 0.32280259 0.14301491 0.24044216]\n",
      " [0.39526286 0.15210536 0.22527157 0.00312082 0.49758103]]\n",
      "Rep 1...\n",
      "##########################\n",
      "Estimated values for the parameters\n",
      "Estimated Pi =  [0.29593872 0.26395948 0.28681771 0.04174138 0.11154271]\n",
      "Estimated Gamma =  [[0.24706988 0.0794635  0.34129313 0.17825203 0.15392146]\n",
      " [0.50218389 0.32330603 0.04170125 0.11250801 0.02030082]\n",
      " [0.365933   0.09505689 0.23142347 0.07607079 0.23151586]\n",
      " [0.19850171 0.19206736 0.23021966 0.14493113 0.23428013]\n",
      " [0.26479738 0.06062562 0.12136376 0.13253964 0.4206736 ]]\n",
      "Estimated R =  [[0.31960281 0.52350075 0.31752534 0.06229815 0.14047855]\n",
      " [0.26289399 0.15057395 0.22779992 0.28503854 0.08870582]\n",
      " [0.26207695 0.18666778 0.39942386 0.13172675 0.23042291]\n",
      " [0.15542624 0.13925751 0.05525088 0.52093656 0.54039272]]\n",
      "Rep 2...\n",
      "##########################\n",
      "Estimated values for the parameters\n",
      "Estimated Pi =  [0.39496155 0.00559272 0.23499114 0.35441961 0.01003498]\n",
      "Estimated Gamma =  [[0.57375318 0.04100565 0.09398708 0.28735934 0.00389475]\n",
      " [0.02835894 0.32175536 0.25058702 0.06020946 0.33908922]\n",
      " [0.05412206 0.08193431 0.58264958 0.195769   0.08552505]\n",
      " [0.21918914 0.15069441 0.32086925 0.25158145 0.05766576]\n",
      " [0.06599526 0.08215676 0.21260472 0.06395923 0.57528402]]\n",
      "Estimated R =  [[4.03324934e-01 5.16320908e-01 3.09318366e-01 1.60068467e-02\n",
      "  1.65579391e-01]\n",
      " [2.29723071e-04 3.05010642e-01 3.74603315e-02 1.46374039e-01\n",
      "  7.02497789e-01]\n",
      " [3.30722082e-01 1.33687253e-02 2.77659544e-01 5.58995825e-01\n",
      "  1.10873721e-02]\n",
      " [2.65723260e-01 1.65299725e-01 3.75561758e-01 2.78623290e-01\n",
      "  1.20835448e-01]]\n",
      "Rep 3...\n",
      "##########################\n",
      "Estimated values for the parameters\n",
      "Estimated Pi =  [0.15628962 0.14745819 0.08716475 0.11140006 0.49768738]\n",
      "Estimated Gamma =  [[0.19782252 0.13057745 0.21443459 0.38743818 0.06972725]\n",
      " [0.2129788  0.05983735 0.40070133 0.23981561 0.08666691]\n",
      " [0.17523744 0.10722729 0.25508805 0.36440436 0.09804286]\n",
      " [0.34249632 0.26156296 0.12449838 0.22616274 0.0452796 ]\n",
      " [0.04529154 0.09219116 0.01925458 0.09474637 0.74851635]]\n",
      "Estimated R =  [[0.06138099 0.26393316 0.17753231 0.26208685 0.54525812]\n",
      " [0.52936566 0.12617719 0.02814321 0.28864771 0.0149802 ]\n",
      " [0.37403606 0.33905747 0.13689414 0.1068713  0.37392969]\n",
      " [0.03521729 0.27083218 0.65743033 0.34239414 0.06583199]]\n",
      "Rep 4...\n",
      "##########################\n",
      "Estimated values for the parameters\n",
      "Estimated Pi =  [0.27041848 0.1705593  0.14502133 0.17144467 0.24255622]\n",
      "Estimated Gamma =  [[0.38241231 0.20123139 0.2919384  0.09590598 0.02851192]\n",
      " [0.17516951 0.44268419 0.14384171 0.19651408 0.04179051]\n",
      " [0.20772594 0.47602291 0.24139861 0.03265933 0.04219321]\n",
      " [0.03741412 0.49108683 0.16825177 0.12676118 0.17648609]\n",
      " [0.00777422 0.31958411 0.00179366 0.00320831 0.66763969]]\n",
      "Estimated R =  [[0.45783411 0.16064223 0.46991523 0.14935483 0.19915449]\n",
      " [0.01069863 0.29194283 0.16270285 0.46585866 0.05429712]\n",
      " [0.32058263 0.21032275 0.23100757 0.13554396 0.43818501]\n",
      " [0.21088463 0.33709218 0.13637435 0.24924255 0.30836338]]\n",
      "Rep 5...\n",
      "##########################\n",
      "Estimated values for the parameters\n",
      "Estimated Pi =  [0.46080241 0.00940001 0.13428721 0.20597677 0.1895336 ]\n",
      "Estimated Gamma =  [[0.06014912 0.19892706 0.48352628 0.15103198 0.10636555]\n",
      " [0.06113502 0.75358431 0.02202152 0.06989284 0.09336631]\n",
      " [0.12441184 0.03602599 0.56796498 0.14748381 0.12411338]\n",
      " [0.08805705 0.08239489 0.142811   0.61743111 0.06930596]\n",
      " [0.01036878 0.10404527 0.37608954 0.30738312 0.20211329]]\n",
      "Estimated R =  [[0.15468057 0.01405538 0.64334847 0.19782728 0.11987267]\n",
      " [0.24550192 0.45318437 0.11139072 0.00943837 0.35880161]\n",
      " [0.33819526 0.02167737 0.15680748 0.58367461 0.17970107]\n",
      " [0.26162226 0.51108287 0.08845334 0.20905974 0.34162465]]\n",
      "Rep 6...\n",
      "##########################\n",
      "Estimated values for the parameters\n",
      "Estimated Pi =  [0.03698766 0.21534567 0.00651891 0.1928909  0.54825685]\n",
      "Estimated Gamma =  [[0.22090348 0.27642777 0.07675799 0.35727857 0.06863219]\n",
      " [0.07406912 0.64413598 0.06227631 0.13304037 0.08647822]\n",
      " [0.09782656 0.24139318 0.43963303 0.14933195 0.07181528]\n",
      " [0.24296763 0.10424163 0.01994645 0.45707851 0.17576579]\n",
      " [0.06416545 0.11524066 0.03585419 0.21769261 0.56704709]]\n",
      "Estimated R =  [[0.26638385 0.00368739 0.07563935 0.67825975 0.19931314]\n",
      " [0.57296465 0.14416458 0.25237752 0.20684305 0.02743744]\n",
      " [0.04219998 0.29730081 0.00922297 0.10782042 0.63457128]\n",
      " [0.11845151 0.55484722 0.66276017 0.00707678 0.13867815]]\n",
      "Rep 7...\n",
      "##########################\n",
      "Estimated values for the parameters\n",
      "Estimated Pi =  [4.30626048e-02 3.53245109e-02 2.14055928e-04 5.07177481e-01\n",
      " 4.14221347e-01]\n",
      "Estimated Gamma =  [[0.2279803  0.06531102 0.37237065 0.1497306  0.18460744]\n",
      " [0.29276484 0.12717194 0.27428732 0.2523524  0.0534235 ]\n",
      " [0.02956146 0.23292317 0.25551756 0.24160513 0.24039269]\n",
      " [0.10163529 0.12270512 0.26534811 0.47242079 0.03789069]\n",
      " [0.03306577 0.16544859 0.33862398 0.19677495 0.26608672]]\n",
      "Estimated R =  [[0.432671   0.45951778 0.30453679 0.03256667 0.34563796]\n",
      " [0.41929929 0.25438255 0.13955009 0.22034543 0.08794987]\n",
      " [0.03576552 0.05665516 0.10841015 0.58806948 0.2742382 ]\n",
      " [0.11226419 0.22944451 0.44750297 0.15901842 0.29217397]]\n",
      "Rep 8...\n",
      "##########################\n",
      "Estimated values for the parameters\n",
      "Estimated Pi =  [0.47371515 0.17887044 0.03857197 0.13101261 0.17782983]\n",
      "Estimated Gamma =  [[0.68070718 0.0085415  0.03578182 0.21322863 0.06174086]\n",
      " [0.16426403 0.04457248 0.20537178 0.48009299 0.10569872]\n",
      " [0.13177662 0.07897019 0.52308819 0.16252106 0.10364394]\n",
      " [0.21725685 0.33488053 0.25100977 0.10784982 0.08900302]\n",
      " [0.24187703 0.14205798 0.25950599 0.31164992 0.04490908]]\n",
      "Estimated R =  [[0.2277937  0.15833469 0.50335708 0.19306955 0.13968184]\n",
      " [0.01945662 0.28093162 0.42571547 0.17021657 0.39027146]\n",
      " [0.53066907 0.07229887 0.04730611 0.15391331 0.17985715]\n",
      " [0.22208061 0.48843481 0.02362134 0.48280057 0.29018955]]\n",
      "Rep 9...\n",
      "##########################\n",
      "Estimated values for the parameters\n",
      "Estimated Pi =  [0.40871224 0.31783248 0.05311135 0.16617597 0.05416797]\n",
      "Estimated Gamma =  [[6.85154327e-01 1.82245960e-02 2.47324751e-02 1.98193624e-01\n",
      "  7.36949781e-02]\n",
      " [6.85632681e-03 3.39768091e-01 1.18655581e-01 3.18747489e-01\n",
      "  2.15972512e-01]\n",
      " [1.31289505e-01 9.28940897e-02 6.36150237e-01 1.25528184e-01\n",
      "  1.41379844e-02]\n",
      " [2.19083226e-01 1.97589652e-01 3.67733829e-01 6.51940451e-04\n",
      "  2.14941352e-01]\n",
      " [3.67780380e-01 1.03311609e-02 4.22769366e-02 1.81057866e-01\n",
      "  3.98553656e-01]]\n",
      "Estimated R =  [[0.28954444 0.06378329 0.26522561 0.33716921 0.28537054]\n",
      " [0.02769432 0.18096747 0.61703356 0.17503944 0.04645316]\n",
      " [0.5589308  0.19887071 0.02286885 0.10318511 0.05981399]\n",
      " [0.12383044 0.55637854 0.09487198 0.38460624 0.60836231]]\n"
     ]
    }
   ],
   "source": [
    "N = 3  # neurons\n",
    "K = 5  # states\n",
    "T = 50000  # time steps\n",
    "seed = None #1234 \n",
    "num_rep = 10\n",
    "\n",
    "#input: initialization of the parameters for the HMM\n",
    "#pi, gamma, r = initialize_parameters(N, K, seed)\n",
    "\n",
    "pi=np.array([1,0,0,0,0])\n",
    "gamma=np.array([[0.8,0.05,0.05,0.05,0.05],\n",
    "                [0.05,0.8,0.05,0.05,0.05],\n",
    "                [0.05,0.05,0.8,0.05,0.05],\n",
    "                [0.05,0.05,0.05,0.8,0.05],\n",
    "                [0.05,0.05,0.05,0.05,0.8]])\n",
    "r=np.array([[1,0,1,0,1],\n",
    "            [0,1,1,0,0],\n",
    "            [1,0,0,1,1],\n",
    "            [0,1,0,1,1]])\n",
    "\n",
    "\n",
    "type_run = \"Complexity increased keeping gamma very unbalanced, and increasing K (K=5)\"\n",
    "\n",
    "\n",
    "gibbs.run_simulation(T, N, K, seed, num_rep, pi, gamma, r, type_run)\n"
   ]
  },
  {
   "cell_type": "code",
   "execution_count": 5,
   "metadata": {},
   "outputs": [
    {
     "name": "stdout",
     "output_type": "stream",
     "text": [
      "Data is generated according to an HMM with the following parameters:\n",
      "Pi:\n",
      " [1 0 0 0 0 0]\n",
      "Gamma:\n",
      " [[0.75 0.05 0.05 0.05 0.05 0.05]\n",
      " [0.05 0.75 0.05 0.05 0.05 0.05]\n",
      " [0.05 0.05 0.75 0.05 0.05 0.05]\n",
      " [0.05 0.05 0.05 0.75 0.05 0.05]\n",
      " [0.05 0.05 0.05 0.05 0.75 0.05]\n",
      " [0.05 0.05 0.05 0.05 0.05 0.75]]\n",
      "R:\n",
      " [[0.5        0.         0.5        0.         0.33333333 0.33333333]\n",
      " [0.         0.5        0.5        0.         0.         0.33333333]\n",
      " [0.5        0.         0.         0.5        0.33333333 0.        ]\n",
      " [0.         0.5        0.         0.5        0.33333333 0.33333333]]\n",
      "50000 data points are generated, which are:\n",
      "Generated firings: [0 2 2 ... 0 3 3]\n",
      "Generated states: [0 0 4 ... 5 5 5]\n",
      "Rep 0...\n",
      "##########################\n",
      "Estimated values for the parameters\n",
      "Estimated Pi =  [0.09213609 0.11974287 0.28197556 0.06708212 0.17184695 0.2672164 ]\n",
      "Estimated Gamma =  [[0.09875659 0.10620909 0.34048361 0.27622977 0.07868501 0.09963593]\n",
      " [0.1633682  0.4449762  0.10215722 0.1388858  0.04759492 0.10301766]\n",
      " [0.1508604  0.03939385 0.17571894 0.1324271  0.1012818  0.40031791]\n",
      " [0.28242765 0.22869157 0.00373952 0.11204827 0.27041347 0.10267953]\n",
      " [0.1880692  0.20888005 0.03367783 0.20120751 0.025694   0.3424714 ]\n",
      " [0.06752297 0.1152831  0.1156208  0.20534175 0.32352515 0.17270623]]\n",
      "Estimated R =  [[0.01390836 0.10749078 0.54850905 0.17320437 0.38576447 0.50929236]\n",
      " [0.53916343 0.05147539 0.07171578 0.35529715 0.2362565  0.12215954]\n",
      " [0.39198001 0.35841377 0.24738048 0.1125726  0.15911793 0.06196889]\n",
      " [0.0549482  0.48262005 0.13239468 0.35892587 0.2188611  0.30657921]]\n",
      "Rep 1...\n",
      "##########################\n",
      "Estimated values for the parameters\n",
      "Estimated Pi =  [0.17826271 0.02518629 0.13106115 0.29200746 0.3166811  0.0568013 ]\n",
      "Estimated Gamma =  [[4.64995280e-01 7.20301212e-03 2.10054925e-01 1.14815946e-01\n",
      "  1.57160331e-01 4.57705067e-02]\n",
      " [3.09706349e-01 9.43791011e-02 8.13308085e-03 2.70097459e-01\n",
      "  1.49261435e-01 1.68422576e-01]\n",
      " [2.30257083e-01 4.15231809e-02 2.82045477e-01 8.71235242e-02\n",
      "  3.54555814e-01 4.49492176e-03]\n",
      " [4.40157001e-02 6.84052508e-02 1.71193625e-04 4.75697074e-01\n",
      "  2.19026817e-01 1.92683964e-01]\n",
      " [2.41934774e-01 9.12460269e-02 3.86946358e-02 2.97835077e-01\n",
      "  1.20249380e-01 2.10040106e-01]\n",
      " [2.84980452e-02 1.33327183e-01 4.28058749e-02 4.28827876e-01\n",
      "  2.91466778e-01 7.50742424e-02]]\n",
      "Estimated R =  [[0.55876793 0.03074168 0.39624329 0.11494373 0.40037309 0.09918576]\n",
      " [0.31076187 0.38820047 0.47557566 0.03394728 0.21107823 0.34848199]\n",
      " [0.05127198 0.53565391 0.09067031 0.14822429 0.2322497  0.54057926]\n",
      " [0.07919822 0.04540393 0.03751075 0.7028847  0.15629897 0.01175299]]\n",
      "Rep 2...\n",
      "##########################\n",
      "Estimated values for the parameters\n",
      "Estimated Pi =  [0.14544189 0.04676811 0.12970952 0.14489364 0.06588984 0.467297  ]\n",
      "Estimated Gamma =  [[0.21732086 0.16137675 0.00236485 0.03444188 0.18588954 0.39860613]\n",
      " [0.13118103 0.39640513 0.01341089 0.28019934 0.1658066  0.01299701]\n",
      " [0.18033029 0.0342303  0.29351496 0.26255269 0.12801379 0.10135797]\n",
      " [0.07464334 0.38159344 0.1530998  0.0923882  0.17348324 0.12479197]\n",
      " [0.06707852 0.08131629 0.0912042  0.13370056 0.47572255 0.15097788]\n",
      " [0.3563241  0.00267409 0.14068926 0.17099096 0.11126803 0.21805355]]\n",
      "Estimated R =  [[0.4450649  0.03327833 0.1853684  0.18542318 0.15789522 0.66314557]\n",
      " [0.21431424 0.12298448 0.07341856 0.10792028 0.59612586 0.04760159]\n",
      " [0.30107026 0.10109998 0.27487093 0.33754355 0.1119742  0.27764696]\n",
      " [0.0395506  0.74263721 0.46634211 0.36911299 0.13400472 0.01160587]]\n",
      "Rep 3...\n",
      "##########################\n",
      "Estimated values for the parameters\n",
      "Estimated Pi =  [0.05745338 0.03886966 0.07135158 0.35183318 0.39047638 0.09001582]\n",
      "Estimated Gamma =  [[0.36372423 0.41512538 0.00217502 0.05430442 0.02382934 0.14084161]\n",
      " [0.11251661 0.49815569 0.11735689 0.08103799 0.04612309 0.14480972]\n",
      " [0.04435823 0.06289332 0.6935415  0.13528011 0.03881759 0.02510925]\n",
      " [0.09549349 0.18905503 0.04888729 0.19275419 0.20643899 0.26737102]\n",
      " [0.03560454 0.07783597 0.12850542 0.32925785 0.25298515 0.17581107]\n",
      " [0.05189396 0.23524525 0.06495914 0.14500831 0.14856459 0.35432874]]\n",
      "Estimated R =  [[0.10157125 0.14107902 0.24542369 0.74057542 0.54041093 0.07708136]\n",
      " [0.41159751 0.17313519 0.60156926 0.01378826 0.02175564 0.05049593]\n",
      " [0.07665583 0.01572375 0.03592787 0.09529911 0.33874034 0.86135119]\n",
      " [0.41017541 0.67006204 0.11707917 0.15033721 0.09909309 0.01107152]]\n",
      "Rep 4...\n",
      "##########################\n",
      "Estimated values for the parameters\n",
      "Estimated Pi =  [0.11356683 0.02822271 0.27496766 0.22103326 0.15191089 0.21029865]\n",
      "Estimated Gamma =  [[0.11361575 0.15937695 0.06231945 0.16706955 0.14110708 0.35651121]\n",
      " [0.01933107 0.70372303 0.04481443 0.03287535 0.06668569 0.13257043]\n",
      " [0.06955083 0.07424998 0.21737225 0.23436571 0.19005539 0.21440584]\n",
      " [0.06419134 0.00146244 0.4532382  0.37384578 0.00502222 0.10224002]\n",
      " [0.16665191 0.10466844 0.11107199 0.12525495 0.15120867 0.34114403]\n",
      " [0.28565789 0.11354685 0.03522487 0.16469809 0.28615075 0.11472156]]\n",
      "Estimated R =  [[0.34753206 0.11122647 0.3807332  0.21564505 0.31235402 0.36920685]\n",
      " [0.35273561 0.51382838 0.07484299 0.08951867 0.10350687 0.14436288]\n",
      " [0.27614979 0.01748264 0.36927725 0.48159724 0.04031554 0.19575609]\n",
      " [0.02358254 0.35746251 0.17514656 0.21323903 0.54382357 0.29067418]]\n",
      "Rep 5...\n",
      "##########################\n",
      "Estimated values for the parameters\n",
      "Estimated Pi =  [0.36481329 0.20819478 0.01473959 0.08186695 0.18801442 0.14237096]\n",
      "Estimated Gamma =  [[0.03725156 0.13500164 0.06535097 0.17235648 0.24661851 0.34342085]\n",
      " [0.14280718 0.30250952 0.12574079 0.34943442 0.06209648 0.01741161]\n",
      " [0.200063   0.15592314 0.05368475 0.09402556 0.21641325 0.2798903 ]\n",
      " [0.23251411 0.12277475 0.17130646 0.16169176 0.05991519 0.25179772]\n",
      " [0.16819297 0.12045784 0.31176175 0.002549   0.2895684  0.10747004]\n",
      " [0.24860668 0.1629983  0.22541537 0.1103702  0.22254665 0.0300628 ]]\n",
      "Estimated R =  [[0.55511669 0.30307042 0.08662768 0.17251735 0.30546472 0.20165587]\n",
      " [0.10563502 0.07730147 0.34300998 0.21329095 0.41776959 0.17754825]\n",
      " [0.00499896 0.34551175 0.26028603 0.25118436 0.26178016 0.20903746]\n",
      " [0.33424933 0.27411636 0.31007631 0.36300734 0.01498553 0.41175842]]\n",
      "Rep 6...\n",
      "##########################\n",
      "Estimated values for the parameters\n",
      "Estimated Pi =  [0.10744926 0.07555517 0.35359286 0.09113843 0.00640265 0.36586164]\n",
      "Estimated Gamma =  [[0.11166296 0.093727   0.21376775 0.07862143 0.4669951  0.03522575]\n",
      " [0.1017509  0.09768034 0.38457715 0.0849311  0.13403232 0.1970282 ]\n",
      " [0.17529618 0.16238501 0.32396344 0.17011401 0.02039271 0.14784865]\n",
      " [0.08303222 0.03885388 0.05202079 0.17540946 0.46749176 0.18319189]\n",
      " [0.14317082 0.16657037 0.13478777 0.29381449 0.18856602 0.07309053]\n",
      " [0.19601964 0.12253698 0.11542174 0.01321863 0.01681377 0.53598924]]\n",
      "Estimated R =  [[0.33310348 0.17934683 0.42576589 0.22450755 0.02270201 0.41316013]\n",
      " [0.2222273  0.3271412  0.324866   0.06031615 0.41088297 0.01788093]\n",
      " [0.12519025 0.39585732 0.05868989 0.0012856  0.19370783 0.50917077]\n",
      " [0.31947896 0.09765465 0.19067823 0.7138907  0.37270718 0.05978818]]\n",
      "Rep 7...\n",
      "##########################\n",
      "Estimated values for the parameters\n",
      "Estimated Pi =  [0.08271683 0.08237369 0.04453859 0.39155269 0.20812491 0.19069329]\n",
      "Estimated Gamma =  [[0.02494739 0.25000879 0.05701899 0.11565201 0.2536018  0.29877101]\n",
      " [0.16693683 0.13711212 0.04311336 0.33779343 0.24791392 0.06713035]\n",
      " [0.01876152 0.0598985  0.52600911 0.02222376 0.02287647 0.35023064]\n",
      " [0.12799714 0.4519633  0.05185373 0.05942467 0.29987508 0.00888608]\n",
      " [0.01831256 0.19224844 0.10574982 0.07081897 0.52693283 0.08593737]\n",
      " [0.022466   0.13332008 0.25434713 0.10768059 0.0179514  0.46423479]]\n",
      "Estimated R =  [[0.11012126 0.13186557 0.06195261 0.31179303 0.55315613 0.3393691 ]\n",
      " [0.06053372 0.08748558 0.73851023 0.04729086 0.07187919 0.14991866]\n",
      " [0.29567965 0.62198798 0.00677754 0.32907747 0.24802386 0.00383824]\n",
      " [0.53366537 0.15866086 0.19275962 0.31183864 0.12694082 0.506874  ]]\n",
      "Rep 8...\n",
      "##########################\n",
      "Estimated values for the parameters\n",
      "Estimated Pi =  [0.00189629 0.45423843 0.21311921 0.02261501 0.20792919 0.10020185]\n",
      "Estimated Gamma =  [[0.01870431 0.0718811  0.20098933 0.42713258 0.13799566 0.14329702]\n",
      " [0.05053152 0.00169435 0.00417893 0.04153066 0.85530929 0.04675526]\n",
      " [0.25092382 0.21304347 0.07085653 0.07771235 0.36915647 0.01830736]\n",
      " [0.40965731 0.03399976 0.17188548 0.28787506 0.01625459 0.0803278 ]\n",
      " [0.03094844 0.02893807 0.219083   0.15609888 0.35433228 0.21059932]\n",
      " [0.15800989 0.03018054 0.03438877 0.07424393 0.14135273 0.56182413]]\n",
      "Estimated R =  [[0.02770698 0.28912196 0.28736209 0.23247008 0.45087864 0.28704192]\n",
      " [0.50838306 0.15852186 0.05374603 0.62189026 0.00728421 0.0412664 ]\n",
      " [0.0088858  0.44153536 0.29741792 0.05652913 0.30950898 0.31342206]\n",
      " [0.45502416 0.11082082 0.36147396 0.08911052 0.23232817 0.35826962]]\n",
      "Rep 9...\n",
      "##########################\n",
      "Estimated values for the parameters\n",
      "Estimated Pi =  [0.09931504 0.28062935 0.31087054 0.11229673 0.17514069 0.02174764]\n",
      "Estimated Gamma =  [[0.12706693 0.23676243 0.16854514 0.08662297 0.31435994 0.06664259]\n",
      " [0.32706496 0.13966468 0.04427153 0.02222217 0.3938818  0.07289486]\n",
      " [0.38311984 0.06705163 0.09944027 0.25548897 0.17511077 0.01978852]\n",
      " [0.28943148 0.0759633  0.01808538 0.23045128 0.10283741 0.28323115]\n",
      " [0.05032871 0.42499155 0.17548446 0.14008012 0.06842183 0.14069334]\n",
      " [0.24502764 0.16844649 0.011918   0.39641187 0.17114304 0.00705297]]\n",
      "Estimated R =  [[0.13302767 0.44979977 0.34790183 0.05782433 0.4877488  0.04823687]\n",
      " [0.37130861 0.32013893 0.4404922  0.11254185 0.0696292  0.03473932]\n",
      " [0.23908175 0.05299586 0.14005159 0.48012989 0.09826549 0.45509618]\n",
      " [0.25658197 0.17706543 0.07155438 0.34950393 0.34435651 0.46192763]]\n"
     ]
    }
   ],
   "source": [
    "N = 3  # neurons\n",
    "K = 6  # states\n",
    "T = 50000  # time steps\n",
    "seed = None #1234 \n",
    "num_rep = 10\n",
    "\n",
    "#input: initialization of the parameters for the HMM\n",
    "#pi, gamma, r = initialize_parameters(N, K, seed)\n",
    "\n",
    "pi=np.array([1,0,0,0,0,0])\n",
    "gamma=np.array([[0.75,0.05,0.05,0.05,0.05,0.05],\n",
    "                [0.05,0.75,0.05,0.05,0.05,0.05],\n",
    "                [0.05,0.05,0.75,0.05,0.05,0.05],\n",
    "                [0.05,0.05,0.05,0.75,0.05,0.05],\n",
    "                [0.05,0.05,0.05,0.05,0.75,0.05],\n",
    "                [0.05,0.05,0.05,0.05,0.05,0.75]])\n",
    "r=np.array([[1,0,1,0,1,1],\n",
    "            [0,1,1,0,0,1],\n",
    "            [1,0,0,1,1,0],\n",
    "            [0,1,0,1,1,1]])\n",
    "\n",
    "\n",
    "type_run = \"Complexity increased keeping gamma very unbalanced, and increasing K (K=6)\"\n",
    "\n",
    "gibbs.run_simulation(T, N, K, seed, num_rep, pi, gamma, r, type_run)"
   ]
  },
  {
   "cell_type": "code",
   "execution_count": 6,
   "metadata": {},
   "outputs": [
    {
     "name": "stdout",
     "output_type": "stream",
     "text": [
      "Data is generated according to an HMM with the following parameters:\n",
      "Pi:\n",
      " [1 0 0 0 0 0 0]\n",
      "Gamma:\n",
      " [[0.7  0.05 0.05 0.05 0.05 0.05 0.05]\n",
      " [0.05 0.7  0.05 0.05 0.05 0.05 0.05]\n",
      " [0.05 0.05 0.7  0.05 0.05 0.05 0.05]\n",
      " [0.05 0.05 0.05 0.7  0.05 0.05 0.05]\n",
      " [0.05 0.05 0.05 0.05 0.7  0.05 0.05]\n",
      " [0.05 0.05 0.05 0.05 0.05 0.7  0.05]\n",
      " [0.05 0.05 0.05 0.05 0.05 0.05 0.7 ]]\n",
      "R:\n",
      " [[0.5        0.         0.5        0.         0.33333333 0.33333333\n",
      "  0.33333333]\n",
      " [0.         0.5        0.5        0.         0.         0.33333333\n",
      "  0.33333333]\n",
      " [0.5        0.         0.         0.5        0.33333333 0.\n",
      "  0.33333333]\n",
      " [0.         0.5        0.         0.5        0.33333333 0.33333333\n",
      "  0.        ]]\n",
      "50000 data points are generated, which are:\n",
      "Generated firings: [2 0 2 ... 1 3 3]\n",
      "Generated states: [0 0 0 ... 5 4 4]\n",
      "Rep 0...\n",
      "##########################\n",
      "Estimated values for the parameters\n",
      "Estimated Pi =  [0.20264149 0.14949601 0.0235667  0.2545672  0.04870783 0.18272025\n",
      " 0.13830052]\n",
      "Estimated Gamma =  [[0.34246199 0.01600842 0.07944151 0.0399898  0.08766581 0.28091515\n",
      "  0.15351731]\n",
      " [0.29369499 0.24063451 0.11262032 0.02465007 0.06935656 0.15569192\n",
      "  0.10335164]\n",
      " [0.05615626 0.05004841 0.55153873 0.02530166 0.14017837 0.07023581\n",
      "  0.10654077]\n",
      " [0.45934884 0.02841006 0.08583942 0.06923567 0.1462536  0.20487909\n",
      "  0.00603332]\n",
      " [0.07358074 0.02677925 0.24775756 0.12015259 0.08289605 0.0593829\n",
      "  0.38945091]\n",
      " [0.14161483 0.23169746 0.04150499 0.00201904 0.27272602 0.13704126\n",
      "  0.1733964 ]\n",
      " [0.12179644 0.14917765 0.03322198 0.15703765 0.11028843 0.12705352\n",
      "  0.30142433]]\n",
      "Estimated R =  [[0.22537566 0.00925215 0.29973308 0.10736051 0.6591028  0.18388353\n",
      "  0.36216985]\n",
      " [0.21193671 0.0722868  0.49086143 0.29964654 0.10816913 0.22632528\n",
      "  0.19615419]\n",
      " [0.17187224 0.3672155  0.00367306 0.52039059 0.12160134 0.44583635\n",
      "  0.2549805 ]\n",
      " [0.39081539 0.55124555 0.20573243 0.07260236 0.11112673 0.14395483\n",
