{
 "cells": [
  {
   "cell_type": "code",
   "execution_count": 58,
   "metadata": {},
   "outputs": [
    {
     "name": "stdout",
     "output_type": "stream",
     "text": [
      "0\n",
      "zeta =  [[0.11960949 0.78951753 0.09087298]\n",
      " [0.09809135 0.7989462  0.10296245]\n",
      " [0.05502143 0.92920107 0.01577749]\n",
      " [0.17049263 0.78872741 0.04077996]\n",
      " [0.22909274 0.67052059 0.10038667]]\n",
      "xi =  [[[1.11029868e-02 3.40229087e-01 4.74773800e-03]\n",
      "  [8.43311218e-02 3.30120844e-01 1.67610763e-02]\n",
      "  [2.66872414e-04 1.70399518e-01 4.20407554e-02]]\n",
      "\n",
      " [[7.57417183e-03 6.79422502e-02 9.53074158e-03]\n",
      "  [3.03805168e-01 3.48139567e-01 1.77686242e-01]\n",
      "  [1.30966573e-04 2.44792607e-02 6.07116323e-02]]\n",
      "\n",
      " [[2.56068629e-03 4.88830056e-02 1.02764991e-02]\n",
      "  [1.74773426e-01 4.26216619e-01 3.26010297e-01]\n",
      "  [6.00857111e-06 2.39004343e-03 8.88341444e-03]]\n",
      "\n",
      " [[2.04182721e-02 1.09028898e-01 6.63470553e-02]\n",
      "  [2.42306629e-01 1.65288024e-01 3.65961221e-01]\n",
      "  [2.34086179e-05 2.60454264e-03 2.80219495e-02]]]\n",
      "pi_upd =  [0.11960949 0.78951753 0.09087298]\n",
      "gamma_upd =  [[0.0619599  0.84200031 0.13520899]\n",
      " [0.20247272 0.31928411 0.22289119]\n",
      " [0.00121802 0.56979765 0.39813538]]\n",
      "r_upd =  [[0.         0.         0.        ]\n",
      " [0.08183967 0.23364884 0.04497837]\n",
      " [0.         0.         0.        ]\n",
      " [0.77225786 0.56545508 0.66149697]\n",
      " [0.         0.         0.        ]\n",
      " [0.14590247 0.20089608 0.29352466]]\n",
      "1\n",
      "zeta =  [[0.187318   0.63227001 0.18041199]\n",
      " [0.4749182  0.36792175 0.15716005]\n",
      " [0.2675102  0.25462853 0.47786127]\n",
      " [0.39331574 0.42440422 0.18228003]\n",
      " [0.49284665 0.19053408 0.31661927]]\n",
      "xi =  [[[5.34011536e-03 2.35940678e-01 1.26784355e-02]\n",
      "  [8.43409152e-02 4.32414022e-01 1.01014778e-01]\n",
      "  [6.83169754e-05 1.03907256e-01 2.42954830e-02]]\n",
      "\n",
      " [[2.23670150e-02 5.69231593e-01 2.32211137e-02]\n",
      "  [2.39805193e-02 7.08188426e-02 1.25592925e-02]\n",
      "  [2.69052125e-04 2.35712413e-01 4.18401586e-02]]\n",
      "\n",
      " [[2.83243691e-02 1.47876128e-01 4.22952226e-02]\n",
      "  [1.34308359e-01 8.13673446e-02 1.01173247e-01]\n",
      "  [1.14901250e-03 2.06503606e-01 2.57002710e-01]]\n",
      "\n",
      " [[2.45414240e-02 2.44195155e-01 4.58733123e-02]\n",
      "  [1.64927607e-01 1.90431995e-01 1.55519653e-01]\n",
      "  [2.79878887e-04 9.58677389e-02 7.83632357e-02]]]\n",
      "pi_upd =  [0.187318   0.63227001 0.18041199]\n",
      "gamma_upd =  [[0.04437058 0.6593082  0.06832286]\n",
      " [0.21797327 0.41450924 0.19802929]\n",
      " [0.00134385 0.48845399 0.30547944]]\n",
      "r_upd =  [[0.         0.         0.        ]\n",
      " [0.14731478 0.13618257 0.36357713]\n",
      " [0.         0.         0.        ]\n",
      " [0.59115325 0.66704243 0.51684884]\n",
      " [0.         0.         0.        ]\n",
      " [0.26153197 0.196775   0.11957403]]\n",
      "2\n",
      "zeta =  [[0.18879815 0.70682381 0.10437803]\n",
      " [0.28839639 0.22826166 0.48334195]\n",
      " [0.4367703  0.40080558 0.16242412]\n",
      " [0.24276333 0.28594838 0.47128829]\n",
      " [0.27675313 0.39327909 0.32996778]]\n",
      "xi =  [[[1.13669457e-02 1.18628494e-01 1.89167956e-02]\n",
      "  [2.12680853e-01 2.84060731e-01 2.08827367e-01]\n",
      "  [2.89899533e-04 7.40071287e-02 7.12217860e-02]]\n",
      "\n",
      " [[1.72475560e-02 2.65344295e-01 5.49787867e-02]\n",
      "  [7.18409675e-02 1.41446415e-01 1.35112334e-01]\n",
      "  [3.70361538e-04 1.39376284e-01 1.74283000e-01]]\n",
      "\n",
      " [[2.03845589e-02 4.14886256e-01 2.47172163e-02]\n",
      "  [8.20496104e-02 2.13718360e-01 5.86989047e-02]\n",
      "  [2.73720118e-04 1.36274708e-01 4.89966648e-02]]\n",
      "\n",
      " [[1.28685161e-02 2.15762137e-01 1.73245870e-02]\n",
      "  [6.13423220e-02 1.31626870e-01 4.87247776e-02]\n",
      "  [8.40083771e-04 3.44548346e-01 1.66962360e-01]]]\n",
      "pi_upd =  [0.18879815 0.70682381 0.10437803]\n",
      "gamma_upd =  [[0.04315897 0.70780217 0.0808782 ]\n",
      " [0.21235166 0.38253451 0.2239885 ]\n",
      " [0.00114353 0.44747092 0.29744989]]\n",
      "r_upd =  [[0.         0.         0.        ]\n",
      " [0.30469201 0.19889926 0.10469518]\n",
      " [0.         0.         0.        ]\n",
      " [0.49412198 0.68782618 0.58375274]\n",
      " [0.         0.         0.        ]\n",
      " [0.20118601 0.11327456 0.31155208]]\n",
      "3\n",
      "zeta =  [[0.20937734 0.63674609 0.15387657]\n",
      " [0.57290371 0.29464732 0.13244897]\n",
      " [0.32942457 0.22906015 0.44151527]\n",
      " [0.38244114 0.45259498 0.16496389]\n",
      " [0.31665107 0.40650381 0.27684512]]\n",
      "xi =  [[[1.53748052e-02 8.43941930e-02 1.30746240e-02]\n",
      "  [3.94232264e-01 2.37700041e-01 1.88704141e-01]\n",
      "  [2.66066599e-04 3.48474993e-02 3.14063652e-02]]\n",
      "\n",
      " [[2.83264717e-02 3.74151547e-01 1.82285347e-02]\n",
      "  [1.20578646e-01 1.74944227e-01 4.36756485e-02]\n",
      "  [5.92117278e-04 1.86612664e-01 5.28901432e-02]]\n",
      "\n",
      " [[1.12715071e-02 3.52606133e-01 2.64404435e-02]\n",
      "  [3.12548899e-02 1.07398941e-01 4.12680931e-02]\n",
      "  [4.00509733e-04 2.98950487e-01 1.30408997e-01]]\n",
      "\n",
      " [[1.80365109e-02 4.11754053e-01 3.99307702e-02]\n",
      "  [7.66407457e-02 1.92184885e-01 9.55046602e-02]\n",
      "  [1.94544891e-04 1.05970139e-01 5.97836908e-02]]]\n",
      "pi_upd =  [0.20937734 0.63674609 0.15387657]\n",
      "gamma_upd =  [[0.04031885 0.67534095 0.05393997]\n",
      " [0.3083389  0.35266632 0.18278929]\n",
      " [0.00124246 0.53552848 0.23467639]]\n",
      "r_upd =  [[0.         0.         0.        ]\n",
      " [0.18192234 0.11342125 0.37747646]\n",
      " [0.         0.         0.        ]\n",
      " [0.50169574 0.74068141 0.5092854 ]\n",
      " [0.         0.         0.        ]\n",
      " [0.31638193 0.14589734 0.11323814]]\n",
      "4\n",
      "zeta =  [[0.21372272 0.70521614 0.08106113]\n",
      " [0.3096813  0.1787184  0.5116003 ]\n",
      " [0.501599   0.33360198 0.16479902]\n",
      " [0.2349941  0.32679623 0.43820967]\n",
      " [0.23809811 0.46240493 0.29949696]]\n",
      "xi =  [[[1.39101295e-02 6.44602579e-02 1.30738691e-02]\n",
      "  [4.77616068e-01 1.51133440e-01 1.98916975e-01]\n",
      "  [3.19792039e-04 3.81342449e-02 4.24352232e-02]]\n",
      "\n",
      " [[1.69038044e-02 2.33601529e-01 4.43675289e-02]\n",
      "  [1.24350807e-01 1.17343924e-01 1.44626990e-01]\n",
      "  [4.38413269e-04 1.55905542e-01 1.62461462e-01]]\n",
      "\n",
      " [[1.38423435e-02 5.54087494e-01 1.91291240e-02]\n",
      "  [5.32027142e-02 1.45419715e-01 3.25791092e-02]\n",
      "  [1.48219710e-04 1.52672678e-01 2.89186025e-02]]\n",
      "\n",
      " [[1.04683821e-02 2.58872247e-01 1.42168329e-02]\n",
      "  [6.87791761e-02 1.16140494e-01 4.13904568e-02]\n",
      "  [5.91173880e-04 3.76190482e-01 1.13350754e-01]]]\n",
      "pi_upd =  [0.21372272 0.70521614 0.08106113]\n",
      "gamma_upd =  [[0.0367965  0.74162276 0.06060186]\n",
      " [0.36075904 0.26412898 0.20805586]\n",
      " [0.00100163 0.48349309 0.23219214]]\n",
      "r_upd =  [[0.         0.         0.        ]\n",
      " [0.33482451 0.16624095 0.11022114]\n",
      " [0.         0.         0.        ]\n",
      " [0.45845879 0.74469988 0.54760954]\n",
      " [0.         0.         0.        ]\n",
      " [0.2067167  0.08905917 0.34216932]]\n",
      "5\n",
      "zeta =  [[0.20693221 0.68016173 0.11290606]\n",
      " [0.65122732 0.21088827 0.13788441]\n",
      " [0.3403313  0.20733038 0.45233832]\n",
      " [0.37152288 0.48259798 0.14587914]\n",
      " [0.28683473 0.46314238 0.25002289]]\n",
      "xi =  [[[1.23713765e-02 4.62413001e-02 8.95137449e-03]\n",
      "  [6.50101655e-01 8.82704934e-02 1.64716177e-01]\n",
      "  [1.52563265e-04 1.36574593e-02 1.55376008e-02]]\n",
      "\n",
      " [[2.92362430e-02 3.66715696e-01 1.48821750e-02]\n",
      "  [2.15635239e-01 9.82539326e-02 3.84368564e-02]\n",
      "  [6.34858087e-04 1.90718368e-01 4.54866323e-02]]\n",
      "\n",
      " [[7.53575125e-03 3.97839504e-01 1.51252981e-02]\n",
      "  [3.59077125e-02 6.88638598e-02 2.52376207e-02]\n",
      "  [2.90381933e-04 3.67162967e-01 8.20369044e-02]]\n",
      "\n",
      " [[1.43759877e-02 4.70646919e-01 2.82805488e-02]\n",
      "  [1.13533632e-01 1.35021936e-01 7.82092200e-02]\n",
      "  [1.50597361e-04 1.18081760e-01 4.16993981e-02]]]\n",
      "pi_upd =  [0.20693221 0.68016173 0.11290606]\n",
      "gamma_upd =  [[0.03420815 0.6901174  0.03621157]\n",
      " [0.49663321 0.19099176 0.14999108]\n",
      " [0.00111771 0.62748063 0.16811224]]\n",
      "r_upd =  [[0.         0.         0.        ]\n",
      " [0.18328437 0.10142766 0.41157929]\n",
      " [0.         0.         0.        ]\n",
      " [0.46599916 0.79540414 0.46296071]\n",
      " [0.         0.         0.        ]\n",
      " [0.35071647 0.10316821 0.12546   ]]\n",
      "6\n",
      "zeta =  [[0.22012729 0.71604585 0.06382686]\n",
      " [0.28858505 0.1078127  0.60360225]\n",
      " [0.52991064 0.26950881 0.20058055]\n",
      " [0.18886291 0.38001954 0.43111755]\n",
      " [0.23381923 0.48232816 0.28385261]]\n",
      "xi =  [[[8.69107237e-03 2.68667396e-02 7.52912973e-03]\n",
      "  [7.07890829e-01 4.17151139e-02 1.74964391e-01]\n",
      "  [1.53929566e-04 1.32416003e-02 1.89471953e-02]]\n",
      "\n",
      " [[1.68827484e-02 2.37727119e-01 3.94751313e-02]\n",
      "  [1.75787017e-01 4.71854308e-02 1.17267914e-01]\n",
      "  [5.04331525e-04 1.97618922e-01 1.67551386e-01]]\n",
      "\n",
      " [[9.40288124e-03 6.08673323e-01 1.02914560e-02]\n",
      "  [5.50460428e-02 6.79258324e-02 1.71891319e-02]\n",
      "  [1.18225996e-04 2.12967400e-01 1.83857066e-02]]\n",
      "\n",
      " [[6.83331313e-03 2.35302944e-01 7.18634438e-03]\n",
      "  [1.06186526e-01 6.97029246e-02 3.18609033e-02]\n",
      "  [4.89713085e-04 4.69261126e-01 7.31762054e-02]]]\n",
      "pi_upd =  [0.22012729 0.71604585 0.06382686]\n",
      "gamma_upd =  [[0.02861142 0.75861647 0.04412635]\n",
      " [0.53428561 0.1158294  0.17450514]\n",
      " [0.00079988 0.56418221 0.17565637]]\n",
      "r_upd =  [[0.         0.         0.        ]\n",
      " [0.36262834 0.13780576 0.12671074]\n",
      " [0.         0.         0.        ]\n",
      " [0.43988721 0.80706724 0.49198165]\n",
      " [0.         0.         0.        ]\n",
      " [0.19748446 0.055127   0.38130761]]\n",
      "7\n",
      "zeta =  [[0.1977133  0.70073544 0.10155125]\n",
      " [0.70262188 0.12014377 0.17723435]\n",
      " [0.30830431 0.16205768 0.52963802]\n",
      " [0.35297578 0.48943613 0.15758809]\n",
      " [0.25240241 0.51804124 0.22955634]]\n",
      "xi =  [[[7.09443891e-03 1.74444717e-02 6.35844884e-03]\n",
      "  [7.90655759e-01 1.58960672e-02 1.50070986e-01]\n",
      "  [6.43195135e-05 4.20718945e-03 8.20831872e-03]]\n",
      "\n",
      " [[2.96655814e-02 3.46810992e-01 1.47966653e-02]\n",
      "  [2.85128740e-01 2.72548293e-02 3.01181402e-02]\n",
      "  [6.95079810e-04 2.16164420e-01 4.93655513e-02]]\n",
      "\n",
      " [[4.10062658e-03 3.63025952e-01 7.04764630e-03]\n",
      "  [3.46914781e-02 2.51115047e-02 1.26267869e-02]\n",
      "  [2.12782865e-04 5.01110671e-01 5.20725520e-02]]\n",
      "\n",
      " [[1.04431981e-02 5.08024609e-01 1.80135652e-02]\n",
      "  [1.48587569e-01 5.91011857e-02 5.42781214e-02]\n",
      "  [1.30819308e-04 1.69290517e-01 3.21304154e-02]]]\n",
      "pi_upd =  [0.1977133  0.70073544 0.10155125]\n",
      "gamma_upd =  [[0.02828189 0.68097794 0.02547733]\n",
      " [0.63256357 0.06398848 0.12414201]\n",
      " [0.00092258 0.7450624  0.11858533]]\n",
      "r_upd =  [[0.         0.         0.        ]\n",
      " [0.16995662 0.08141907 0.44300115]\n",
      " [0.         0.         0.        ]\n",
      " [0.44271426 0.85821974 0.40875606]\n",
      " [0.         0.         0.        ]\n",
      " [0.38732912 0.06036119 0.1482428 ]]\n",
      "8\n",
      "zeta =  [[0.25746065 0.66470021 0.07783915]\n",
      " [0.23164271 0.05156116 0.71679613]\n",
      " [0.52969656 0.20148015 0.26882329]\n",
      " [0.14235393 0.39574964 0.46189643]\n",
      " [0.22791842 0.49004574 0.28203584]]\n",
      "xi =  [[[5.07039706e-03 9.11463779e-03 5.34153138e-03]\n",
      "  [7.79167676e-01 5.88438878e-03 1.78823196e-01]\n",
      "  [7.84378082e-05 4.72921538e-03 1.17905196e-02]]\n",
      "\n",
      " [[1.67774094e-02 2.22076810e-01 4.14244893e-02]\n",
      "  [1.74353049e-01 9.69573733e-03 9.37844678e-02]\n",
      "  [5.54256048e-04 2.46067892e-01 1.95265889e-01]]\n",
      "\n",
      " [[5.86814292e-03 5.93095451e-01 5.30268554e-03]\n",
      "  [4.35046783e-02 1.84728056e-02 8.56446550e-03]\n",
      "  [9.23876336e-05 3.13187163e-01 1.19122203e-02]]\n",
      "\n",
      " [[3.96451715e-03 1.85050360e-01 3.29743688e-03]\n",
      "  [1.13844708e-01 2.23246916e-02 2.06285237e-02]\n",
      "  [3.86233402e-04 6.04666158e-01 4.58373711e-02]]]\n",
      "pi_upd =  [0.25746065 0.66470021 0.07783915]\n",
      "gamma_upd =  [[2.28069245e-02 7.26626882e-01 3.98583601e-02]\n",
      " [6.15939779e-01 3.12594789e-02 1.67338220e-01]\n",
      " [6.14872484e-04 6.46595305e-01 1.46512860e-01]]\n",
      "r_upd =  [[0.         0.         0.        ]\n",
      " [0.38133117 0.1117139  0.14873556]\n",
      " [0.         0.         0.        ]\n",
      " [0.45190809 0.85969718 0.45467278]\n",
      " [0.         0.         0.        ]\n",
      " [0.16676073 0.02858891 0.39659166]]\n",
      "9\n",
      "zeta =  [[0.2431201  0.58343764 0.17344226]\n",
      " [0.68054261 0.08261118 0.23684621]\n",
      " [0.25617149 0.09919951 0.644629  ]\n",
      " [0.31150662 0.49286176 0.19563161]\n",
      " [0.23741619 0.53144497 0.23113884]]\n",
      "xi =  [[[5.79727205e-03 8.87568932e-03 9.32528859e-03]\n",
      "  [7.68963193e-01 1.87535162e-03 1.92286300e-01]\n",
      "  [4.75420679e-05 2.40247696e-03 1.04268867e-02]]\n",
      "\n",
      " [[2.85123463e-02 2.87724514e-01 1.86172303e-02]\n",
      "  [3.33471061e-01 5.36044449e-03 3.38488919e-02]\n",
      "  [6.91235906e-04 2.30235850e-01 6.15384267e-02]]\n",
      "\n",
      " [[2.31825899e-03 2.75848569e-01 4.12423611e-03]\n",
      "  [2.24242523e-02 4.25035787e-03 6.20159968e-03]\n",
      "  [1.64188386e-04 6.44842969e-01 3.98255687e-02]]\n",
      "\n",
      " [[7.65171586e-03 4.63766051e-01 1.34542772e-02]\n",
      "  [1.66540376e-01 1.60789767e-02 4.55224124e-02]\n",
      "  [1.28046846e-04 2.56160262e-01 3.06978819e-02]]]\n",
      "pi_upd =  [0.2431201  0.58343764 0.17344226]\n",
      "gamma_upd =  [[2.56135435e-02 5.99398765e-01 2.63316543e-02]\n",
      " [7.21631266e-01 1.54033432e-02 1.55267200e-01]\n",
      " [6.95836951e-04 7.65101437e-01 9.61665151e-02]]\n",
      "r_upd =  [[0.         0.         0.        ]\n",
      " [0.14818247 0.0554325  0.43506395]\n",
      " [0.         0.         0.        ]\n",
      " [0.45815746 0.89840453 0.40508713]\n",
      " [0.         0.         0.        ]\n",
      " [0.39366007 0.04616297 0.15984892]]\n",
      "10\n",
      "zeta =  [[0.30845029 0.55007962 0.14147009]\n",
      " [0.17505969 0.05083102 0.77410929]\n",
      " [0.52097085 0.14601477 0.33301438]\n",
      " [0.10312518 0.4395616  0.45731322]\n",
      " [0.21150541 0.5141639  0.27433068]]\n",
      "xi =  [[[5.35352013e-03 6.98155701e-03 8.73835973e-03]\n",
      "  [7.09767088e-01 8.44271594e-04 2.42472359e-01]\n",
      "  [9.17370987e-05 5.62112448e-03 2.01299823e-02]]\n",
      "\n",
      " [[1.37933003e-02 1.34212567e-01 4.78960319e-02]\n",
      "  [2.37444577e-01 2.10736963e-03 1.72563722e-01]\n",
      "  [4.23768310e-04 1.93739787e-01 1.97818876e-01]]\n",
      "\n",
      " [[4.45593166e-03 5.49288401e-01 4.73906870e-03]\n",
      "  [3.16560252e-02 3.55935874e-03 7.04639148e-03]\n",
      "  [6.72603797e-05 3.89570959e-01 9.61660349e-03]]\n",
      "\n",
      " [[2.96247438e-03 1.35943346e-01 2.69275456e-03]\n",
      "  [1.32433161e-01 5.54311091e-03 2.51938659e-02]\n",
      "  [3.05020575e-04 6.57654565e-01 3.72717010e-02]]]\n",
      "pi_upd =  [0.30845029 0.55007962 0.14147009]\n",
      "gamma_upd =  [[2.01387283e-02 6.26501947e-01 4.85677055e-02]\n",
      " [6.53456179e-01 7.08793953e-03 2.63003027e-01]\n",
      " [4.48323138e-04 6.29513547e-01 1.33740090e-01]]\n",
      "r_upd =  [[0.         0.         0.        ]\n",
      " [0.39494075 0.08585817 0.1681689 ]\n",
      " [0.         0.         0.        ]\n",
      " [0.47234894 0.88425268 0.44091374]\n",
      " [0.         0.         0.        ]\n",
      " [0.13271031 0.02988916 0.39091737]]\n",
      "11\n",
      "zeta =  [[0.19370073 0.53807238 0.26822689]\n",
      " [0.6157144  0.11428832 0.26999728]\n",
      " [0.21368695 0.09436921 0.69194384]\n",
      " [0.27842833 0.52655887 0.1950128 ]\n",
      " [0.20127191 0.5963893  0.20233879]]\n",
      "xi =  [[[5.59112123e-03 1.04888724e-02 1.84269963e-02]\n",
      "  [6.05671513e-01 3.96168731e-04 3.33135965e-01]\n",
      "  [5.32878445e-05 4.51212988e-03 2.17239456e-02]]\n",
      "\n",
      " [[2.21165114e-02 1.61809190e-01 2.21784772e-02]\n",
      "  [4.97499974e-01 1.26909104e-03 8.32600938e-02]\n",
      "  [4.65367443e-04 1.53676020e-01 5.77252749e-02]]\n",
      "\n",
      " [[1.49060458e-03 2.15885651e-01 3.44087004e-03]\n",
      "  [1.97447978e-02 9.97073489e-04 7.60654154e-03]\n",
      "  [1.10034430e-04 7.19305646e-01 3.14187809e-02]]\n",
      "\n",
      " [[7.13495807e-03 4.15523168e-01 1.60619272e-02]\n",
      "  [1.76056417e-01 3.57494061e-03 6.61434465e-02]\n",
      "  [1.08492734e-04 2.85185879e-01 3.02107701e-02]]]\n",
      "pi_upd =  [0.19370073 0.53807238 0.26822689]\n",
      "gamma_upd =  [[2.41769626e-02 5.34805460e-01 3.99974569e-02]\n",
      " [6.94757412e-01 3.33601487e-03 2.62155316e-01]\n",
      " [4.52948429e-04 7.14387506e-01 8.66833005e-02]]\n",
      "r_upd =  [[0.         0.         0.        ]\n",
      " [0.14219232 0.05047351 0.42515239]\n",
      " [0.         0.         0.        ]\n",
      " [0.44809684 0.88839922 0.40895267]\n",
      " [0.         0.         0.        ]\n",
      " [0.40971084 0.06112727 0.16589494]]\n",
      "12\n",
      "zeta =  [[0.20497535 0.63196547 0.16305918]\n",
      " [0.15898578 0.0574583  0.78355592]\n",
      " [0.48364667 0.1914715  0.32488183]\n",
      " [0.1023654  0.4203389  0.4772957 ]\n",
      " [0.16121608 0.62611783 0.21266609]]\n",
      "xi =  [[[3.68149716e-03 6.40433775e-03 9.94462235e-03]\n",
      "  [5.82641832e-01 2.20014911e-04 3.58971796e-01]\n",
      "  [8.71653198e-05 1.08114634e-02 2.72372712e-02]]\n",
      "\n",
      " [[1.06660885e-02 9.60495099e-02 6.45578326e-02]\n",
      "  [2.10151765e-01 4.10793636e-04 2.90115972e-01]\n",
      "  [2.44222927e-04 1.56807706e-01 1.70996110e-01]]\n",
      "\n",
      " [[3.83068184e-03 5.33966820e-01 7.06339065e-03]\n",
      "  [3.79992428e-02 1.14977755e-03 1.59811094e-02]\n",
      "  [3.93981374e-05 3.91565912e-01 8.40366777e-03]]\n",
      "\n",
      " [[3.00427753e-03 1.31756010e-01 4.53598761e-03]\n",
      "  [1.11534727e-01 1.06179626e-03 3.84093325e-02]\n",
      "  [2.14889940e-04 6.71950786e-01 3.75321924e-02]]]\n",
      "pi_upd =  [0.20497535 0.63196547 0.16305918]\n",
      "gamma_upd =  [[1.90629495e-02 6.91310379e-01 7.74861990e-02]\n",
      " [4.88923436e-01 1.47476037e-03 3.64997264e-01]\n",
      " [2.98592225e-04 6.27663410e-01 1.24483497e-01]]\n",
      "r_upd =  [[0.         0.         0.        ]\n",
      " [0.43525138 0.09934433 0.16563277]\n",
      " [0.         0.         0.        ]\n",
      " [0.42167148 0.87084362 0.43489111]\n",
      " [0.         0.         0.        ]\n",
      " [0.14307713 0.02981204 0.39947612]]\n",
      "13\n",
      "zeta =  [[0.14082551 0.56228682 0.29688768]\n",
      " [0.7015387  0.0594072  0.23905409]\n",
      " [0.2363428  0.12678978 0.63686742]\n",
      " [0.36290402 0.48211261 0.15498337]\n",
      " [0.2063487  0.59745257 0.19619872]]\n",
      "xi =  [[[3.33406650e-03 5.80668898e-03 1.36773049e-02]\n",
      "  [5.44480925e-01 7.88741333e-05 4.10226237e-01]\n",
      "  [4.28462250e-05 4.32545908e-03 1.80275978e-02]]\n",
      "\n",
      " [[3.01522973e-02 2.66803979e-01 4.47352222e-02]\n",
      "  [2.84124599e-01 2.09111711e-04 7.74198852e-02]\n",
      "  [4.45227452e-04 2.28359545e-01 6.77501333e-02]]\n",
      "\n",
      " [[1.55542882e-03 2.61206007e-01 6.42278322e-03]\n",
      "  [2.00196634e-02 2.79632350e-04 1.51825384e-02]\n",
      "  [6.84473039e-05 6.66276816e-01 2.89886837e-02]]\n",
      "\n",
      " [[7.16917631e-03 5.36930636e-01 3.00545219e-02]\n",
      "  [1.08941321e-01 6.78639577e-04 8.38779279e-02]\n",
      "  [4.86876063e-05 2.11364810e-01 2.09342792e-02]]]\n",
      "pi_upd =  [0.14082551 0.56228682 0.29688768]\n",
      "gamma_upd =  [[2.56140778e-02 6.49741184e-01 5.75801884e-02]\n",
      " [5.23818847e-01 6.81742003e-04 3.20946865e-01]\n",
      " [3.97120767e-04 7.28564948e-01 8.90429594e-02]]\n",
      "r_upd =  [[0.         0.         0.        ]\n",
      " [0.1434154  0.06935797 0.4178944 ]\n",
      " [0.         0.         0.        ]\n",
      " [0.43088324 0.89814442 0.42524506]\n",
      " [0.         0.         0.        ]\n",
      " [0.42570136 0.0324976  0.15686054]]\n",
      "14\n",
      "zeta =  [[0.26801698 0.48248301 0.24950001]\n",
      " [0.20576755 0.04854703 0.74568543]\n",
      " [0.60563461 0.11838518 0.27598021]\n",
      " [0.11236516 0.52339655 0.36423829]\n",
      " [0.23565438 0.49656761 0.26777802]]\n",
      "xi =  [[[3.21120903e-03 3.26449451e-03 8.67898900e-03]\n",
      "  [5.46555316e-01 2.85074748e-05 4.02617219e-01]\n",
      "  [1.03586455e-04 7.61612985e-03 2.79245486e-02]]\n",
      "\n",
      " [[1.27214835e-02 1.73157112e-01 9.21489793e-02]\n",
      "  [1.16919369e-01 8.16519011e-05 2.30832468e-01]\n",
      "  [2.19059894e-04 2.15649996e-01 1.58269880e-01]]\n",
      "\n",
      " [[5.07847448e-03 6.45637863e-01 1.24101558e-02]\n",
      "  [1.82970904e-02 1.19347963e-04 1.21866307e-02]\n",
      "  [3.24456706e-05 2.98329689e-01 7.90830378e-03]]\n",
      "\n",
      " [[3.28510973e-03 1.73699324e-01 7.28826100e-03]\n",
      "  [1.30149947e-01 3.53077061e-04 7.87001735e-02]\n",
      "  [1.49891762e-04 5.73205059e-01 3.31691566e-02]]]\n",
      "pi_upd =  [0.26801698 0.48248301 0.24950001]\n",
      "gamma_upd =  [[1.70208901e-02 6.97584292e-01 8.44354210e-02]\n",
      " [4.86361420e-01 3.48982627e-04 4.33895675e-01]\n",
      " [2.65336575e-04 5.75247611e-01 1.19416795e-01]]\n",
      "r_upd =  [[0.         0.         0.        ]\n",
      " [0.42428065 0.07091568 0.14500989]\n",
      " [0.         0.         0.        ]\n",
      " [0.43156776 0.90000343 0.46318026]\n",
      " [0.         0.         0.        ]\n",
      " [0.14415158 0.02908088 0.39180985]]\n",
      "15\n",
      "zeta =  [[0.16511977 0.46267034 0.37220989]\n",
      " [0.71903759 0.09036175 0.19060066]\n",
      " [0.28773152 0.09126177 0.62100671]\n",
      " [0.36167368 0.51495126 0.12337506]\n",
      " [0.20780804 0.6061354  0.18605656]]\n",
      "xi =  [[[5.06982526e-03 7.45928012e-03 2.01509485e-02]\n",
      "  [5.43857007e-01 1.40093801e-05 3.88750561e-01]\n",
      "  [7.89618190e-05 6.14560084e-03 2.84738067e-02]]\n",
      "\n",
      " [[2.33778416e-02 1.68159804e-01 3.58643771e-02]\n",
      "  [4.71751125e-01 5.94101965e-05 1.30153432e-01]\n",
      "  [3.27708651e-04 1.24694979e-01 4.56113235e-02]]\n",
      "\n",
      " [[1.54217949e-03 3.16697530e-01 7.66392901e-03]\n",
      "  [1.33106402e-02 4.78562826e-05 1.18959544e-02]\n",
      "  [5.73438117e-05 6.22930492e-01 2.58540743e-02]]\n",
      "\n",
      " [[6.51554889e-03 5.56878694e-01 3.46892141e-02]\n",
      "  [1.10325759e-01 1.65088485e-04 1.05634109e-01]\n",
      "  [3.71195950e-05 1.67824786e-01 1.79296812e-02]]]\n",
      "pi_upd =  [0.16511977 0.46267034 0.37220989]\n",
      "gamma_upd =  [[2.09635992e-02 6.02511213e-01 5.64891064e-02]\n",
      " [6.45325197e-01 1.62211116e-04 3.60508145e-01]\n",
      " [3.35599699e-04 6.17174984e-01 7.89345211e-02]]\n",
      "r_upd =  [[0.         0.         0.        ]\n",
      " [0.16523279 0.05169524 0.41587622]\n",
      " [0.         0.         0.        ]\n",
      " [0.42185247 0.89711934 0.45648218]\n",
      " [0.         0.         0.        ]\n",
      " [0.41291474 0.05118542 0.12764159]]\n",
      "16\n",
      "zeta =  [[0.21904042 0.59885838 0.1821012 ]\n",
      " [0.23469769 0.08737484 0.67792747]\n",
      " [0.62744546 0.15124022 0.22131432]\n",
      " [0.12399222 0.55140081 0.32460697]\n",
      " [0.18853638 0.59667852 0.2147851 ]]\n",
      "xi =  [[[3.55576283e-03 5.44965000e-03 7.65813548e-03]\n",
      "  [6.52240514e-01 8.74271460e-06 2.91229680e-01]\n",
      "  [1.38848302e-04 1.36164491e-02 2.61022169e-02]]\n",
      "\n",
      " [[9.07795802e-03 9.16875027e-02 6.83180496e-02]\n",
      "  [2.41839859e-01 2.13625238e-05 3.77322560e-01]\n",
      "  [1.62352406e-04 1.04922389e-01 1.06647966e-01]]\n",
      "\n",
      " [[3.68140742e-03 7.07950032e-01 1.18970760e-02]\n",
      "  [2.43192184e-02 4.09016698e-05 1.62934692e-02]\n",
      "  [1.87336568e-05 2.30514765e-01 5.28439739e-03]]\n",
      "\n",
      " [[3.41972972e-03 2.09016557e-01 9.97134804e-03]\n",
      "  [1.48791354e-01 7.95370187e-05 8.99450757e-02]\n",
      "  [1.29314327e-04 5.05735006e-01 3.29120773e-02]]]\n",
      "pi_upd =  [0.21904042 0.59885838 0.1821012 ]\n",
      "gamma_upd =  [[1.41599237e-02 7.27627815e-01 7.02043156e-02]\n",
      " [5.37478010e-01 7.58196557e-05 3.90214151e-01]\n",
      " [2.77188234e-04 5.27407980e-01 1.05474769e-01]]\n",
      "r_upd =  [[0.         0.         0.        ]\n",
      " [0.45019731 0.07617033 0.13655182]\n",
      " [0.         0.         0.        ]\n",
      " [0.38140517 0.87982437 0.44516423]\n",
      " [0.         0.         0.        ]\n",
      " [0.16839753 0.0440053  0.41828396]]\n",
      "17\n",
      "zeta =  [[0.10852516 0.69739299 0.19408185]\n",
      " [0.78037993 0.0634329  0.15618717]\n",
      " [0.2990352  0.17415944 0.52680536]\n",
      " [0.4359881  0.45541426 0.10859763]\n",
      " [0.15423833 0.71250414 0.13325753]]\n",
      "xi =  [[[2.83735532e-03 6.84210068e-03 8.16284899e-03]\n",
      "  [6.79239295e-01 4.49646551e-06 2.86147699e-01]\n",
      "  [5.38951697e-05 4.81226023e-03 1.19000497e-02]]\n",
      "\n",
      " [[2.56282055e-02 2.29926872e-01 3.34998502e-02]\n",
      "  [4.40319948e-01 1.08445772e-05 8.42815371e-02]\n",
      "  [4.29815107e-04 1.42783077e-01 4.31198499e-02]]\n",
      "\n",
      " [[1.20233205e-03 3.75646405e-01 6.33222509e-03]\n",
      "  [2.57577978e-02 2.20920629e-05 1.98646111e-02]\n",
      "  [4.77022652e-05 5.51845290e-01 1.92815444e-02]]\n",
      "\n",
      " [[5.58597959e-03 6.62151154e-01 3.23248061e-02]\n",
      "  [8.40299495e-02 2.73441625e-05 7.12049367e-02]\n",
      "  [2.99270292e-05 1.31354492e-01 1.32914110e-02]]]\n",
      "pi_upd =  [0.10852516 0.69739299 0.19408185]\n",
      "gamma_upd =  [[1.98259657e-02 7.16786855e-01 4.51699660e-02]\n",
      " [5.84594991e-01 3.08037249e-05 2.19457874e-01]\n",
      " [5.01675531e-04 7.42491004e-01 7.82827263e-02]]\n",
      "r_upd =  [[0.         0.         0.        ]\n",
      " [0.16817051 0.08281855 0.47081192]\n",
      " [0.         0.         0.        ]\n",
      " [0.3929618  0.88701701 0.38960185]\n",
      " [0.         0.         0.        ]\n",
      " [0.4388677  0.03016443 0.13958624]]\n",
      "18\n",
      "zeta =  [[0.24254428 0.5958727  0.16158302]\n",
      " [0.24194596 0.02450442 0.73354962]\n",
      " [0.61253546 0.16717611 0.22028842]\n",
      " [0.1363378  0.46827693 0.39538527]\n",
      " [0.23145158 0.51797428 0.25057414]]\n",
      "xi =  [[[1.69171541e-03 2.03251227e-03 3.60714268e-03]\n",
      "  [7.23563746e-01 1.26699567e-06 2.54210497e-01]\n",
      "  [7.58998678e-05 3.73301284e-03 1.10842074e-02]]\n",
      "\n",
      " [[1.40193519e-02 2.64706291e-01 9.24897891e-02]\n",
      "  [8.65936749e-02 2.38295016e-06 9.41310034e-02]\n",
      "  [3.65524095e-04 2.82530235e-01 1.65161748e-01]]\n",
      "\n",
      " [[3.66274385e-03 6.93969855e-01 8.61719702e-03]\n",
      "  [2.77950478e-02 7.67527503e-06 1.07747590e-02]\n",
      "  [3.22257275e-05 2.49947837e-01 5.19265912e-03]]\n",
      "\n",
      " [[2.55700988e-03 2.08674657e-01 5.77588442e-03]\n",
      "  [1.11543143e-01 1.32669974e-05 4.15154387e-02]\n",
      "  [1.80157273e-04 6.01868612e-01 2.78718307e-02]]]\n",
      "pi_upd =  [0.24254428 0.5958727  0.16158302]\n",
      "gamma_upd =  [[1.49717335e-02 7.98314632e-01 7.54293252e-02]\n",
      " [5.35287650e-01 1.38641091e-05 2.25860127e-01]\n",
      " [3.71190082e-04 6.46129394e-01 1.18833182e-01]]\n",
      "r_upd =  [[0.         0.         0.        ]\n",
      " [0.41816573 0.09424721 0.12506578]\n",
      " [0.         0.         0.        ]\n",
      " [0.4166626  0.89193818 0.45847132]\n",
      " [0.         0.         0.        ]\n",
      " [0.16517168 0.01381461 0.4164629 ]]\n",
      "19\n",
      "zeta =  [[0.25208508 0.36301798 0.38489695]\n",
      " [0.77255608 0.04996404 0.17747988]\n",
      " [0.3019012  0.05308751 0.64501129]\n",
      " [0.37312223 0.5015771  0.12530067]\n",
      " [0.24958327 0.52431851 0.22609822]]\n",
      "xi =  [[[4.02408163e-03 3.30195784e-03 1.30704557e-02]\n",
      "  [7.56649241e-01 3.01579685e-07 2.05827197e-01]\n",
      "  [7.31346860e-05 1.95906694e-03 1.50945641e-02]]\n",
      "\n",
      " [[2.50735110e-02 3.11819050e-01 3.48004255e-02]\n",
      "  [3.15107131e-01 1.90348065e-06 3.66278854e-02]\n",
      "  [5.58526105e-04 2.26752509e-01 4.92590585e-02]]\n",
      "\n",
      " [[1.57133013e-03 3.28839484e-01 8.25427458e-03]\n",
      "  [9.54651065e-03 9.70429348e-07 4.19991350e-03]\n",
      "  [9.03614077e-05 6.17334631e-01 3.01625246e-02]]\n",
      "\n",
      " [[5.13035663e-03 5.85598281e-01 2.84409007e-02]\n",
      "  [1.34488450e-01 7.45658491e-06 6.24403013e-02]\n",
      "  [4.50773527e-05 1.67970020e-01 1.58791562e-02]]]\n",
      "pi_upd =  [0.25208508 0.36301798 0.38489695]\n",
      "gamma_upd =  [[1.83656887e-02 6.30786264e-01 4.33839424e-02]\n",
      " [8.14892587e-01 7.12622185e-06 2.07173270e-01]\n",
      " [4.92113130e-04 6.50516217e-01 7.08212880e-02]]\n",
      "r_upd =  [[0.         0.         0.        ]\n",
      " [0.15488087 0.03558227 0.41379052]\n",
      " [0.         0.         0.        ]\n",
      " [0.44878366 0.93092898 0.47235179]\n",
      " [0.         0.         0.        ]\n",
      " [0.39633548 0.03348874 0.11385769]]\n",
      "20\n",
      "zeta =  [[0.38745459 0.39956936 0.21297605]\n",
      " [0.22471994 0.08666596 0.6886141 ]\n",
      " [0.6933659  0.07989115 0.22674295]\n",
      " [0.10032399 0.6281638  0.27151221]\n",
      " [0.24614087 0.47828981 0.27556932]]\n",
      "xi =  [[[5.88483921e-03 5.45598227e-03 1.11456258e-02]\n",
      "  [7.79988619e-01 1.84124075e-07 1.58989954e-01]\n",
      "  [2.53406764e-04 9.04221273e-03 2.92391764e-02]]\n",
      "\n",
      " [[7.59212892e-03 6.48505427e-02 5.22649353e-02]\n",
      "  [4.06664458e-01 8.84443759e-07 3.01296870e-01]\n",
      "  [2.23360795e-04 7.34302749e-02 9.36765445e-02]]\n",
      "\n",
      " [[3.37014959e-03 7.35060097e-01 9.19222087e-03]\n",
      "  [1.59162013e-02 8.83887627e-07 4.67220892e-03]\n",
      "  [2.70729719e-05 2.27262494e-01 4.49867147e-03]]\n",
      "\n",
      " [[2.62397946e-03 1.86945476e-01 6.52395205e-03]\n",
      "  [2.38123660e-01 4.31957523e-06 6.37183379e-02]\n",
      "  [1.73452992e-04 4.75613850e-01 2.62729718e-02]]]\n",
      "pi_upd =  [0.38745459 0.39956936 0.21297605]\n",
      "gamma_upd =  [[1.17863407e-02 6.00671259e-01 4.78973854e-02]\n",
      " [8.61359619e-01 3.74991354e-06 3.16084938e-01]\n",
      " [4.04254273e-04 4.68748940e-01 9.17309430e-02]]\n",
      "r_upd =  [[0.         0.         0.        ]\n",
      " [0.41971167 0.04776522 0.13533542]\n",
      " [0.         0.         0.        ]\n",
      " [0.44425974 0.90041905 0.45365343]\n",
      " [0.         0.         0.        ]\n",
      " [0.13602859 0.05181573 0.41101115]]\n",
      "21\n",
      "zeta =  [[0.12757946 0.69448894 0.1779316 ]\n",
      " [0.65498568 0.20178274 0.14323158]\n",
      " [0.29118079 0.12490149 0.58391772]\n",
      " [0.32350185 0.5760256  0.10047255]\n",
      " [0.12642391 0.76859238 0.10498371]]\n",
      "xi =  [[[4.73034996e-03 1.73896823e-02 1.56036745e-02]\n",
      "  [7.22566582e-01 2.26910782e-07 2.15227599e-01]\n",
      "  [9.10680639e-05 7.61714631e-03 1.67736717e-02]]\n",
      "\n",
      " [[6.94819968e-03 4.17008441e-02 7.41562016e-03]\n",
      "  [8.26077802e-01 4.23518507e-07 7.96127481e-02]\n",
      "  [1.93989190e-04 2.64897527e-02 1.15606203e-02]]\n",
      "\n",
      " [[8.67836344e-04 3.23948155e-01 3.12349500e-03]\n",
      "  [2.62902235e-02 8.38321957e-07 8.54444261e-03]\n",
      "  [7.32859042e-05 6.22423449e-01 1.47282740e-02]]\n",
      "\n",
      " [[5.27246035e-03 5.44601580e-01 2.18792975e-02]\n",
      "  [1.89850504e-01 1.67515969e-06 7.11407243e-02]\n",
      "  [6.47555027e-05 1.52184378e-01 1.50046253e-02]]]\n",
      "pi_upd =  [0.12757946 0.69448894 0.1779316 ]\n",
      "gamma_upd =  [[1.16946757e-02 6.08818991e-01 3.15173455e-02]\n",
      " [7.45959809e-01 1.33735852e-06 1.58308781e-01]\n",
      " [3.80985595e-04 7.28219419e-01 5.22874815e-02]]\n",
      "r_upd =  [[0.         0.         0.        ]\n",
      " [0.19110468 0.05279481 0.52579755]\n",
      " [0.         0.         0.        ]\n",
      " [0.37902208 0.86191333 0.34522741]\n",
      " [0.         0.         0.        ]\n",
      " [0.42987323 0.08529187 0.12897505]]\n",
      "22\n",
      "zeta =  [[0.09351485 0.86021864 0.04626651]\n",
      " [0.21270977 0.0221095  0.76518073]\n",
      " [0.43866976 0.38814541 0.17318483]\n",
      " [0.17056147 0.22517959 0.60425894]\n",
      " [0.10060096 0.7814087  0.11799034]]\n",
      "xi =  [[[1.02628481e-03 3.88225424e-03 2.73855069e-03]\n",
      "  [8.10361519e-01 1.05566784e-07 1.70278502e-01]\n",
      "  [4.24718685e-05 5.89890133e-03 5.77141057e-03]]\n",
      "\n",
      " [[1.12889641e-02 1.72508009e-01 9.12858406e-02]\n",
      "  [2.04373213e-01 1.07550282e-07 1.30137191e-01]\n",
      "  [4.00889696e-04 2.24922942e-01 1.65082843e-01]]\n",
      "\n",
      " [[1.65385056e-03 6.17481951e-01 4.42853059e-03]\n",
      "  [8.78506546e-02 1.12954989e-06 1.85240744e-02]\n",
      "  [1.95050980e-05 2.67380564e-01 2.65974035e-03]]\n",
      "\n",
      " [[1.59508404e-03 1.88835072e-01 3.91548687e-03]\n",
      "  [4.25921927e-02 1.73644686e-07 8.23304194e-03]\n",
      "  [1.68765983e-04 7.33563468e-01 2.10967149e-02]]]\n",
      "pi_upd =  [0.09351485 0.86021864 0.04626651]\n",
      "gamma_upd =  [[1.53182219e-02 9.67177509e-01 1.00750675e-01]\n",
      " [5.02918960e-01 6.65907095e-07 1.43682004e-01]\n",
      " [3.70050705e-04 7.21647042e-01 1.14015370e-01]]\n",
      "r_upd =  [[0.         0.         0.        ]\n",
      " [0.43173743 0.17045888 0.10146272]\n",
      " [0.         0.         0.        ]\n",
      " [0.35891426 0.81983146 0.45024559]\n",
      " [0.         0.         0.        ]\n",
      " [0.20934831 0.00970966 0.44829169]]\n",
      "23\n",
      "zeta =  [[0.25071126 0.50593235 0.24335639]\n",
      " [0.84408918 0.01283819 0.14307263]\n",
      " [0.33264247 0.05796558 0.60939195]\n",
      " [0.42873273 0.48194082 0.08932645]\n",
      " [0.29469244 0.43067106 0.2746365 ]]\n",
      "xi =  [[[1.29442881e-03 8.69600254e-04 3.29858538e-03]\n",
      "  [8.92955835e-01 1.25802499e-08 9.88426310e-02]\n",
      "  [1.94077862e-05 4.02701507e-04 2.31679772e-03]]\n",
      "\n",
      " [[2.00877972e-02 5.12985643e-01 2.97849883e-02]\n",
      "  [4.37248695e-02 2.34163509e-08 2.81616696e-03]\n",
      "  [4.54605526e-04 3.58569523e-01 3.15763834e-02]]\n",
      "\n",
      " [[1.95822448e-03 3.85068138e-01 1.56428355e-02]\n",
      "  [1.09362757e-02 4.50985273e-08 3.79478530e-03]\n",
      "  [9.03432405e-05 5.48701996e-01 3.38073572e-02]]\n",
      "\n",
      " [[4.64223011e-03 6.69512001e-01 3.83023153e-02]\n",
      "  [1.25655060e-01 3.80040151e-07 4.50342672e-02]\n",
      "  [2.41333893e-05 1.07501813e-01 9.32780028e-03]]]\n",
      "pi_upd =  [0.25071126 0.50593235 0.24335639]\n",
      "gamma_upd =  [[1.30099474e-02 7.29210403e-01 4.04621395e-02]\n",
      " [7.20632141e-01 3.09622250e-07 1.01042772e-01]\n",
      " [4.32781956e-04 7.46571586e-01 5.66474848e-02]]\n",
      "r_upd =  [[0.         0.         0.        ]\n",
      " [0.15465499 0.0389201  0.44815352]\n",
      " [0.         0.         0.        ]\n",
      " [0.45290385 0.95245989 0.4466293 ]\n",
      " [0.         0.         0.        ]\n",
      " [0.39244116 0.00862001 0.10521718]]\n",
      "24\n",
      "zeta =  [[0.63012735 0.18789209 0.18198056]\n",
      " [0.2412463  0.03359236 0.72516133]\n",
      " [0.75723306 0.03147031 0.21129664]\n",
      " [0.08828726 0.68870082 0.22301192]\n",
      " [0.35982417 0.27357999 0.36659584]]\n",
      "xi =  [[[3.71988352e-03 1.16730011e-03 9.23000589e-03]\n",
      "  [8.74433380e-01 2.10339643e-09 9.78177535e-02]\n",
      "  [1.18449452e-04 1.14396105e-03 1.23692645e-02]]\n",
      "\n",
      " [[1.04635456e-02 1.53513598e-01 9.53495074e-02]\n",
      "  [3.16631519e-01 3.56092923e-08 1.30080455e-01]\n",
      "  [3.51608391e-04 1.58764064e-01 1.34845667e-01]]\n",
      "\n",
      " [[2.92735751e-03 7.61814126e-01 9.09104467e-03]\n",
      "  [6.47895008e-03 1.29246594e-08 9.07112142e-04]\n",
      "  [2.68737947e-05 2.15242113e-01 3.51241000e-03]]\n",
      "\n",
      " [[1.52308740e-03 1.79532395e-01 4.67131684e-03]\n",
      "  [2.98085050e-01 2.69339105e-07 4.12166807e-02]\n",
      "  [1.26393551e-04 4.58530163e-01 1.63146438e-02]]]\n",
      "pi_upd =  [0.63012735 0.18789209 0.18198056]\n",
      "gamma_upd =  [[8.97275061e-03 5.27768980e-01 5.69850439e-02]\n",
      " [1.23073167e+00 2.63304056e-07 2.22197251e-01]\n",
      " [3.64934600e-04 4.88089993e-01 9.77971069e-02]]\n",
      "r_upd =  [[0.         0.         0.        ]\n",
      " [0.36462967 0.02589647 0.12370662]\n",
      " [0.         0.         0.        ]\n",
      " [0.51920324 0.94646086 0.45173736]\n",
      " [0.         0.         0.        ]\n",
      " [0.11616709 0.02764268 0.42455602]]\n",
      "25\n",
      "zeta =  [[0.29401792 0.43969675 0.26628533]\n",
      " [0.40217448 0.48993776 0.10788776]\n",
      " [0.25855793 0.02306072 0.71838135]\n",
      " [0.25049248 0.63890929 0.11059823]\n",
      " [0.11044827 0.79637197 0.09317976]]\n",
      "xi =  [[[9.47871913e-03 2.13740324e-02 7.24894842e-02]\n",
      "  [7.06696367e-01 5.79622954e-09 1.53637852e-01]\n",
      "  [9.68689025e-05 4.96692712e-03 3.12597435e-02]]\n",
      "\n",
      " [[9.07367750e-04 4.07208154e-03 1.59485392e-03]\n",
      "  [9.41078765e-01 1.53615489e-08 4.70222664e-02]\n",
      "  [3.00463892e-05 3.06614023e-03 2.22846355e-03]]\n",
      "\n",
      " [[4.92255228e-04 2.35449051e-01 2.33679484e-03]\n",
      "  [5.60553069e-03 9.75212479e-09 7.56461789e-04]\n",
      "  [6.81892039e-05 7.41632625e-01 1.36590830e-02]]\n",
      "\n",
      " [[3.84099426e-03 4.11838731e-01 2.12240159e-02]\n",
      "  [3.01233220e-01 1.17479557e-07 4.73180438e-02]\n",
