Complexity increased keeping gamma very unbalanced, and increasing K (K=8)
==================================================

N (neurons): 3
K (states): 8
T (time steps): 50000
Seed: None
Number of repetitions: 10

Initialization of parameters for HMM:
Pi: [1 0 0 0 0 0 0 0]
Gamma: [[0.72 0.04 0.04 0.04 0.04 0.04 0.04 0.04]
 [0.04 0.72 0.04 0.04 0.04 0.04 0.04 0.04]
 [0.04 0.04 0.72 0.04 0.04 0.04 0.04 0.04]
 [0.04 0.04 0.04 0.72 0.04 0.04 0.04 0.04]
 [0.04 0.04 0.04 0.04 0.72 0.04 0.04 0.04]
 [0.04 0.04 0.04 0.04 0.04 0.72 0.04 0.04]
 [0.04 0.04 0.04 0.04 0.04 0.04 0.72 0.04]
 [0.04 0.04 0.04 0.04 0.04 0.04 0.04 0.72]]
R: [[0.5        0.         0.5        0.         0.33333333 0.33333333
  0.33333333 0.        ]
 [0.         0.5        0.5        0.         0.         0.33333333
  0.33333333 0.33333333]
 [0.5        0.         0.         0.5        0.33333333 0.
  0.33333333 0.33333333]
 [0.         0.5        0.         0.5        0.33333333 0.33333333
  0.         0.33333333]]

Generated data:
Generated firings (y): [2 0 0 0 1 0 3 1 0 0 0 0 0 1 0 1 1 0 0 0 2 3 2 2 0 0 1 3 0 0 2 3 3 3 3 3 3
 1 0 3 0 2 1 1 2 1 1 3 3 2 0 1 2 2 2 0 3 1 1 1 2 1 1 1 1 3 3 3 3 3 3 1 0 1
 1 0 0 0 0 0 0 0 2 2 2 1 3 3 1 1 0 0 2 3 2 0 3 3 1 0]... (showing first 100 entries)
Generated states (z): [0 2 2 2 2 4 4 2 2 0 0 2 2 2 2 2 2 2 4 0 4 4 0 0 0 0 1 1 0 0 0 3 1 1 1 1 1
 1 4 4 4 3 2 7 7 7 7 7 3 3 0 7 7 7 7 2 7 7 7 7 7 2 2 2 2 1 1 1 1 1 1 2 2 2
 2 2 2 2 2 2 2 5 4 3 3 5 5 5 5 5 5 5 7 3 0 0 1 1 5 0]... (showing first 100 entries)

Estimated parameters:
Estimated Pi: [array([0.01536292, 0.02760783, 0.17641737, 0.02850327, 0.09619853,
       0.40840446, 0.19712246, 0.05038316]), array([0.0963281 , 0.18868913, 0.13330054, 0.16103664, 0.07331825,
       0.06103609, 0.11103001, 0.17526125]), array([0.00825022, 0.27829751, 0.03443826, 0.1556649 , 0.02987024,
       0.15147238, 0.29193494, 0.05007155]), array([1.38876507e-01, 4.62684502e-02, 1.67498968e-02, 1.36130514e-01,
       5.76744300e-03, 2.92852449e-02, 6.26906982e-01, 1.49610305e-05]), array([0.02969948, 0.3075066 , 0.05329285, 0.04963955, 0.07265468,
       0.18599174, 0.2152843 , 0.08593081]), array([0.10242192, 0.01993803, 0.13935224, 0.46551639, 0.03703324,
       0.02555583, 0.20480292, 0.00537943]), array([0.05168411, 0.06770806, 0.09731976, 0.10708972, 0.20942402,
       0.07342594, 0.26763614, 0.12571226]), array([0.03502147, 0.04891676, 0.53207074, 0.05911421, 0.13224927,
       0.01284416, 0.13548864, 0.04429475]), array([0.02753869, 0.12291668, 0.22587907, 0.21871926, 0.33388475,
       0.05148717, 0.01194878, 0.00762561]), array([0.12843914, 0.36696252, 0.00917517, 0.08622975, 0.07365831,
       0.02081421, 0.00966429, 0.30505661])]
Estimated Gamma: [array([[0.1028707 , 0.13332483, 0.01791332, 0.19319827, 0.22728073,
        0.0505649 , 0.13656734, 0.13827992],
       [0.14151993, 0.3763234 , 0.03849312, 0.03398823, 0.107669  ,
        0.05021238, 0.12649754, 0.1252964 ],
       [0.15523701, 0.0080461 , 0.10528215, 0.11035976, 0.25784824,
        0.10201383, 0.08035708, 0.18085583],
       [0.36644608, 0.13668138, 0.14053301, 0.01737214, 0.01923928,
        0.03558665, 0.05471357, 0.22942789],
       [0.032074  , 0.15043358, 0.21910537, 0.26986045, 0.06393024,
        0.01718798, 0.12473782, 0.12267055],
       [0.28576176, 0.24316533, 0.05927565, 0.05007289, 0.09541883,
        0.05481087, 0.10057145, 0.11092322],
       [0.10480981, 0.08000236, 0.08393066, 0.08314385, 0.01608667,
        0.10758172, 0.07959381, 0.44485113],
       [0.22196457, 0.31063995, 0.05611312, 0.0118788 , 0.13862595,
        0.05822293, 0.02942727, 0.17312742]]), array([[0.38027554, 0.13322158, 0.07833298, 0.01345704, 0.13634728,
        0.02704397, 0.02442435, 0.20689726],
       [0.04916699, 0.07887594, 0.02247481, 0.18194904, 0.4307601 ,
        0.04592968, 0.03633196, 0.15451147],
       [0.02320865, 0.02390948, 0.01437423, 0.25228774, 0.39234463,
        0.07851335, 0.01769895, 0.19766298],
       [0.08926575, 0.16489236, 0.14708493, 0.06633156, 0.36837011,
        0.0693087 , 0.04888257, 0.04586403],
       [0.03562851, 0.18806389, 0.01323511, 0.04483631, 0.37919713,
        0.20698602, 0.09342487, 0.03862817],
       [0.17118652, 0.02302779, 0.34132488, 0.07578607, 0.05335024,
        0.22377283, 0.07936256, 0.03218911],
       [0.0483979 , 0.18905691, 0.07153699, 0.00844262, 0.37509475,
        0.07686165, 0.08531979, 0.1452894 ],
       [0.05945439, 0.26765647, 0.01447396, 0.03244148, 0.44964052,
        0.03765055, 0.0481125 , 0.09057013]]), array([[3.23407444e-02, 1.08502124e-01, 1.44589085e-01, 7.44554901e-02,
        3.12247151e-02, 3.74756984e-02, 3.09344412e-01, 2.62067732e-01],
       [2.80227155e-01, 4.71855630e-02, 5.63328965e-02, 8.43691310e-03,
        1.33138508e-01, 1.33220746e-01, 3.21750417e-01, 1.97078011e-02],
       [4.09599588e-01, 1.71164805e-02, 2.36605970e-01, 2.87673382e-02,
        1.65288836e-01, 7.14944559e-02, 4.63870052e-03, 6.64886314e-02],
       [5.25424904e-02, 2.09252517e-03, 4.66780351e-01, 3.67218192e-03,
        1.99944862e-01, 1.06678434e-01, 1.35101988e-01, 3.31871673e-02],
       [4.64112535e-02, 1.34678014e-04, 3.09133410e-01, 5.37414083e-02,
        1.64083063e-01, 6.81456335e-02, 2.53453567e-02, 3.33005198e-01],
       [2.58747955e-01, 2.51161014e-02, 1.29891207e-01, 4.74569186e-02,
        2.96700563e-01, 1.75023273e-02, 4.08948205e-02, 1.83690108e-01],
       [1.64655082e-01, 6.73221815e-03, 1.06621036e-01, 2.24390541e-02,
        3.91344435e-01, 1.20338119e-01, 1.48025367e-02, 1.73067519e-01],
       [4.19026436e-01, 1.12035600e-02, 2.00996012e-01, 1.94855785e-02,
        1.51963867e-01, 1.27917065e-01, 1.45235100e-02, 5.48839713e-02]]), array([[3.09934266e-02, 6.78808388e-04, 1.90557945e-01, 3.76568681e-01,
        3.08427254e-02, 3.13467269e-01, 1.91408687e-02, 3.77502757e-02],
       [1.17997664e-01, 2.89482409e-01, 7.03991932e-02, 1.17270704e-01,
        3.00181644e-01, 7.12351031e-02, 1.50197733e-02, 1.84135096e-02],
       [7.65710661e-02, 1.72142526e-01, 2.93505518e-01, 2.57075898e-03,
        2.63316630e-02, 3.45457310e-01, 6.42437127e-03, 7.69967875e-02],
       [2.15102412e-01, 1.22829913e-01, 2.92592472e-02, 1.60226376e-02,
        2.70551744e-01, 1.40565908e-01, 1.90619424e-01, 1.50487147e-02],
       [1.56445430e-01, 4.39419677e-02, 1.84837150e-02, 2.78923507e-02,
        1.26946501e-01, 1.87848854e-01, 8.97783253e-03, 4.29463349e-01],
       [9.78919750e-02, 3.24696877e-01, 1.65185313e-02, 1.19361957e-01,
        1.34535951e-01, 2.79475393e-01, 1.67038341e-02, 1.08154811e-02],
       [3.12127867e-02, 1.40685984e-02, 7.73107672e-01, 3.26463707e-02,
        2.76955797e-03, 5.70491437e-02, 4.50344043e-02, 4.41114660e-02],
       [2.58858639e-01, 2.18635380e-01, 8.73793436e-03, 4.55408054e-01,
        3.24539028e-03, 2.42508674e-02, 1.24306991e-03, 2.96206644e-02]]), array([[0.00666897, 0.06058686, 0.62330825, 0.25616645, 0.00808513,
        0.02892679, 0.01394708, 0.00231047],
       [0.53991472, 0.06799611, 0.0331208 , 0.10213993, 0.08635602,
        0.14284427, 0.02050344, 0.00712472],
       [0.00981828, 0.02899669, 0.02159215, 0.47493875, 0.24177418,
        0.06182836, 0.00154436, 0.15950725],
       [0.61645849, 0.08911813, 0.03393309, 0.08954202, 0.05512313,
        0.04821184, 0.03017713, 0.03743616],
       [0.25338564, 0.00666094, 0.34885429, 0.02098534, 0.03131119,
        0.2952057 , 0.00968236, 0.03391454],
       [0.36654252, 0.09653415, 0.03374655, 0.23996032, 0.00516523,
        0.13062546, 0.08214915, 0.04527661],
       [0.29880293, 0.05073667, 0.03653208, 0.32670786, 0.02055344,
        0.17146493, 0.01128705, 0.08391503],
       [0.24008564, 0.08311106, 0.43696699, 0.07218059, 0.11895287,
        0.02596914, 0.00383347, 0.01890024]]), array([[1.80884378e-01, 5.24552574e-02, 9.34240997e-02, 6.05758004e-02,
        1.92748830e-01, 1.72752466e-01, 1.01238981e-02, 2.37035270e-01],
       [1.32690775e-01, 3.59731091e-01, 4.55774682e-02, 1.24466022e-02,
        1.93699990e-02, 1.46450028e-01, 2.92504779e-02, 2.54483559e-01],
       [1.83131084e-02, 2.83610176e-02, 9.81914779e-02, 7.98204119e-03,
        3.30025994e-01, 2.89918980e-01, 3.67752753e-02, 1.90432105e-01],
       [2.09711334e-02, 8.22752087e-03, 3.56354968e-01, 1.69824578e-02,
        1.06066998e-01, 2.24078917e-01, 1.19005419e-01, 1.48312586e-01],
       [1.48233840e-01, 1.03105308e-01, 1.57272077e-01, 6.20964105e-03,
        1.25896096e-01, 2.31151846e-01, 3.41198300e-02, 1.94011362e-01],
       [5.54563141e-02, 2.32866907e-01, 2.89404542e-02, 2.44440153e-02,
        1.93091158e-01, 1.44090472e-01, 3.88647145e-02, 2.82245965e-01],
       [8.76274206e-02, 1.40169139e-01, 1.95357418e-01, 3.13295008e-04,
        2.99236402e-01, 2.03196534e-01, 5.06931212e-02, 2.34066697e-02],
       [7.12592536e-03, 3.17212716e-01, 1.50578957e-01, 1.43716186e-02,
        1.77356146e-02, 9.04294296e-02, 1.06351765e-01, 2.96193975e-01]]), array([[0.00968668, 0.24983102, 0.00469153, 0.19494123, 0.15350585,
        0.11503697, 0.07881945, 0.19348727],
       [0.02017812, 0.38022296, 0.19143376, 0.32794465, 0.02301278,
        0.02529347, 0.008437  , 0.02347727],
       [0.0149311 , 0.15236969, 0.02981214, 0.433753  , 0.00389871,
        0.19079793, 0.06899445, 0.10544297],
       [0.00765376, 0.37520018, 0.22179915, 0.11726102, 0.03342491,
        0.1160381 , 0.06459814, 0.06402475],
       [0.05897633, 0.16265412, 0.008124  , 0.29889901, 0.12107833,
        0.14581362, 0.11021626, 0.09423833],
       [0.25551546, 0.05488601, 0.38476474, 0.04498121, 0.19286164,
        0.0019277 , 0.01757761, 0.04748564],
       [0.10898575, 0.14980555, 0.10801139, 0.3073342 , 0.00047357,
        0.09697548, 0.19559927, 0.03281479],
       [0.10085048, 0.38294828, 0.01435334, 0.23628702, 0.04704095,
        0.06127635, 0.01101434, 0.14622923]]), array([[0.47198879, 0.02471878, 0.0861093 , 0.03142989, 0.14195554,
        0.05764051, 0.09698933, 0.08916785],
       [0.16953232, 0.05205484, 0.23528365, 0.02978576, 0.13333274,
        0.08953493, 0.04340817, 0.24706759],
       [0.16241388, 0.36108928, 0.0658267 , 0.09545791, 0.03953295,
        0.04565827, 0.02088078, 0.20914023],
       [0.33722744, 0.01324211, 0.0828786 , 0.01098811, 0.23628398,
        0.19646586, 0.02817015, 0.09474376],
       [0.0340912 , 0.15572989, 0.09913649, 0.1181917 , 0.01280038,
        0.08493071, 0.25293914, 0.24218049],
       [0.21931078, 0.05871289, 0.39102795, 0.12163268, 0.03147146,
        0.09435185, 0.0260459 , 0.05744651],
       [0.26680865, 0.10025062, 0.19582362, 0.05069782, 0.10509164,
        0.08373791, 0.04364629, 0.15394345],
       [0.20009664, 0.10975993, 0.05163375, 0.09332449, 0.01432577,
        0.50212455, 0.0201321 , 0.00860277]]), array([[2.84876726e-02, 5.77218780e-02, 2.69215440e-03, 2.48568938e-02,
        2.37142712e-02, 1.02025377e-01, 5.95956970e-01, 1.64544783e-01],
       [2.07074555e-03, 1.72436805e-02, 3.85573306e-01, 4.45135970e-02,
        1.09561925e-02, 1.33318620e-01, 2.02894358e-03, 4.04294915e-01],
       [5.57296507e-01, 1.11863411e-01, 4.43747955e-02, 1.71643874e-01,
        6.44043429e-04, 3.65518347e-02, 4.30383404e-03, 7.33217004e-02],
       [1.45836821e-01, 6.66274956e-02, 4.04638286e-02, 1.59309254e-02,
        3.21604423e-02, 6.38590459e-01, 3.97011280e-02, 2.06888995e-02],
       [6.35124260e-05, 5.36942136e-02, 3.23015604e-02, 5.57286867e-02,
        4.61166573e-02, 2.65353327e-01, 5.04335618e-03, 5.41698686e-01],
       [3.82393811e-01, 4.93790735e-02, 9.37403718e-02, 1.14175911e-01,
        4.90027516e-02, 3.50353543e-03, 1.32335037e-02, 2.94571042e-01],
       [1.25973156e-01, 4.15693993e-02, 3.93710669e-01, 2.01135342e-01,
        3.21376286e-02, 9.37380771e-03, 1.62953128e-01, 3.31468696e-02],
       [7.62328382e-02, 8.42244554e-02, 2.29621568e-01, 2.20116015e-01,
        8.47693075e-02, 1.42159779e-01, 2.60622762e-03, 1.60269808e-01]]), array([[0.00197837, 0.38383707, 0.0555126 , 0.31401321, 0.03016675,
        0.0046539 , 0.13573469, 0.07410341],
       [0.00288938, 0.00576094, 0.34694667, 0.02267308, 0.34741527,
        0.19427821, 0.00398226, 0.07605418],
       [0.45897294, 0.0143741 , 0.03997593, 0.01976342, 0.17983826,
        0.05254001, 0.21841675, 0.01611859],
       [0.02649597, 0.02885761, 0.08489963, 0.05558681, 0.74512262,
        0.03623814, 0.00234659, 0.02045262],
       [0.49020721, 0.00518673, 0.04216997, 0.16405991, 0.02518467,
        0.08157048, 0.13815189, 0.05346914],
       [0.01285833, 0.15314228, 0.07822717, 0.00828931, 0.05600485,
        0.14513025, 0.50190755, 0.04444025],
       [0.01064788, 0.08376315, 0.05942406, 0.478242  , 0.08498527,
        0.0992779 , 0.13702392, 0.04663582],
       [0.05097258, 0.01234386, 0.1067398 , 0.07384954, 0.41349207,
        0.13514634, 0.14802157, 0.05943423]])]
Estimated R: [array([[0.47717004, 0.67796634, 0.60204947, 0.2167564 , 0.24140127,
        0.34219489, 0.32410163, 0.52498857],
       [0.01402146, 0.27850625, 0.1531539 , 0.68894725, 0.16631237,
        0.01446153, 0.07104989, 0.43210254],
       [0.28038063, 0.01231249, 0.16975759, 0.09329737, 0.12887185,
        0.61272421, 0.30369608, 0.03749878],
       [0.22842787, 0.03121491, 0.07503904, 0.00099899, 0.46341451,
        0.03061937, 0.3011524 , 0.0054101 ]]), array([[0.45013868, 0.55478301, 0.038209  , 0.38390346, 0.57149975,
        0.41993227, 0.09425836, 0.62834556],
       [0.30524844, 0.08889952, 0.76330131, 0.06922048, 0.38344882,
        0.10862554, 0.4781774 , 0.07784337],
       [0.02504754, 0.16675456, 0.19048414, 0.29927259, 0.01124789,
        0.08346001, 0.27838197, 0.26626268],
       [0.21956534, 0.18956291, 0.00800555, 0.24760347, 0.03380354,
        0.38798218, 0.14918226, 0.02754839]]), array([[0.3746401 , 0.08364887, 0.52713477, 0.05975133, 0.93493476,
        0.53074296, 0.61752516, 0.05769297],
       [0.52813243, 0.17092618, 0.17275253, 0.30705184, 0.01691093,
        0.08952381, 0.03049611, 0.46058211],
       [0.016297  , 0.73899554, 0.07085955, 0.52126672, 0.00883821,
        0.36909488, 0.32314142, 0.08657111],
       [0.08093047, 0.00642942, 0.22925315, 0.11193011, 0.03931611,
        0.01063836, 0.0288373 , 0.39515381]]), array([[0.27017056, 0.54191763, 0.94783747, 0.06297107, 0.01648373,
        0.77188768, 0.04122633, 0.92753464],
       [0.62843458, 0.22960458, 0.01177571, 0.10122241, 0.92496009,
        0.20768649, 0.23280036, 0.00530381],
       [0.03936116, 0.02124911, 0.0093157 , 0.06403413, 0.03105215,
        0.00259135, 0.72177513, 0.01119128],
       [0.06203369, 0.20722868, 0.03107113, 0.77177239, 0.02750403,
        0.01783448, 0.00419819, 0.05597027]]), array([[0.30987673, 0.38929506, 0.83079409, 0.63672307, 0.553243  ,
        0.64374724, 0.09321564, 0.04201252],
       [0.66869584, 0.22816363, 0.11034733, 0.02189061, 0.21085545,
        0.01058604, 0.19166119, 0.17676187],
       [0.01137869, 0.30053913, 0.05587283, 0.0132874 , 0.07790456,
        0.20811988, 0.64406512, 0.27604284],
       [0.01004874, 0.08200217, 0.00298574, 0.32809893, 0.15799699,
        0.13754685, 0.07105805, 0.50518277]]), array([[0.25339276, 0.0362462 , 0.59300613, 0.01078831, 0.78159923,
        0.47725522, 0.43678549, 0.80555075],
       [0.4105352 , 0.3639565 , 0.17368439, 0.04765595, 0.03688835,
        0.42849384, 0.16888229, 0.10679575],
       [0.04238129, 0.00967037, 0.21662527, 0.87176689, 0.07604562,
        0.07618796, 0.33871971, 0.00808253],
       [0.29369074, 0.59012694, 0.0166842 , 0.06978884, 0.1054668 ,
        0.01806298, 0.05561251, 0.07957097]]), array([[5.64603906e-01, 3.67075140e-01, 1.51955955e-01, 8.85356147e-01,
        3.27204646e-01, 3.72604560e-01, 6.31955836e-01, 6.49759887e-01],
       [2.80036040e-01, 3.83986286e-01, 6.46144281e-01, 1.91442940e-04,
        1.30351731e-01, 1.53126486e-01, 8.49619537e-02, 6.07180914e-02],
       [1.34429180e-01, 5.97676822e-02, 7.81429716e-02, 4.46857430e-02,
        3.99147538e-01, 7.76022286e-02, 2.27271181e-01, 2.85486773e-01],
       [2.09308742e-02, 1.89170891e-01, 1.23756793e-01, 6.97666671e-02,
        1.43296085e-01, 3.96666725e-01, 5.58110294e-02, 4.03524926e-03]]), array([[0.3112575 , 0.83283528, 0.53100331, 0.17658333, 0.71623449,
        0.23464555, 0.4270835 , 0.64651506],
       [0.53239226, 0.053595  , 0.07248628, 0.26782675, 0.01061808,
        0.62608018, 0.0583927 , 0.04756445],
       [0.01538917, 0.07962367, 0.38663118, 0.10324129, 0.25082229,
        0.04355735, 0.21527916, 0.11584123],
       [0.14096107, 0.03394605, 0.00987923, 0.45234863, 0.02232514,
        0.09571692, 0.29924464, 0.19007926]]), array([[0.57819184, 0.74132306, 0.13319965, 0.27285284, 0.13991112,
        0.67984112, 0.21749548, 0.94254307],
       [0.3266136 , 0.08114293, 0.63406601, 0.54849091, 0.04712846,
        0.17095125, 0.15847074, 0.00099722],
       [0.03831879, 0.15846212, 0.09288631, 0.1363645 , 0.78821226,
        0.12568625, 0.00942949, 0.01008734],
       [0.05687577, 0.01907189, 0.13984803, 0.04229175, 0.02474816,
        0.02352138, 0.6146043 , 0.04637237]]), array([[9.91719258e-02, 1.23171507e-01, 6.81829415e-01, 2.05487905e-01,
        9.21096855e-01, 9.04252364e-01, 8.63097234e-01, 4.20910412e-02],
       [6.68394305e-04, 6.25130826e-01, 1.96331202e-01, 7.66780631e-01,
        1.17597704e-03, 3.78632089e-02, 8.99834572e-02, 2.18286324e-01],
       [1.48249547e-01, 2.40935710e-01, 1.07674037e-01, 2.52007263e-02,
        7.21094261e-02, 5.14792782e-02, 4.42962494e-02, 6.35041528e-01],
       [7.51910133e-01, 1.07619560e-02, 1.41653462e-02, 2.53073803e-03,
        5.61774225e-03, 6.40514880e-03, 2.62305956e-03, 1.04581107e-01]])]

Total NMI: [[0.6381090426950287, 0.8186369418925542, 0.7999999999999999, 0.9000000000000001, 0.8421052631578948, 0.7368421052631577, 0.6666666666666665, 0.5333333333333333, 0.6253491072973906, 0.6764971842744294, 0.7941976240152687, 0.7769177626221329, 0.8186369418925545, 0.6547991927540455, 0.6083013373782921, 0.7999999999999998, 0.711240300246423, 0.8402511144819101, 0.8788412824036219, 0.9090909090909091, 0.9090909090909091, 0.857142857142857, 0.8186369418925545, 0.5917797542560731, 0.49547509850560517, 0.6457465281985653, 0.7941976240152689, 0.7769177626221329, 0.857142857142857, 0.857142857142857, 0.7368421052631577, 0.6381090426950287, 0.6457465281985653, 0.5569145519180609, 0.5226325762166165, 0.5226325762166165, 0.6381090426950287, 0.7112403002464232, 0.684579226198475, 0.6845792261984751, 0.8788412824036218, 0.8788412824036218, 0.7112403002464232, 0.7368421052631579, 0.8235294117647058, 0.7058823529411764, 0.6381090426950287, 0.8788412824036219, 0.7999999999999999, 0.865090868912524], [0.6381090426950287, 0.7515999558037763, 0.7968156220676632, 0.7968156220676631, 0.7368421052631577, 0.724276225930101, 0.6135329422918934, 0.463759731915716, 0.625, 0.6381090426950287, 0.7515999558037764, 0.711240300246423, 0.6764971842744295, 0.6322500895505503, 0.7515999558037763, 0.7368421052631577, 0.7515999558037763, 0.6381090426950287, 0.49999999999999994, 0.42857142857142855, 0.7058823529411764, 0.9, 0.7999999999999998, 0.7999999999999999, 0.9000000000000001, 0.7650646493000143, 0.5525848819904037, 0.463759731915716, 0.6881041381073281, 0.7376208276214656, 0.3999999999999998, 0.6764971842744297, 0.7769177626221329, 0.3152116205719689, 0.4900090502616102, 0.5561787464811958, 0.5226325762166165, 0.5917797542560731, 0.42857142857142855, 0.625, 0.7368421052631577, 0.711240300246423, 0.9384430240090257, 0.6072166611417991, 0.6415711142300156, 0.7515999558037761, 0.6547991927540455, 0.6083013373782921, 0.7112403002464232, 0.6083013373782921], [0.6457465281985652, 0.6457465281985653, 0.7242762259301011, 0.6083013373782921, 0.5917797542560732, 0.8235294117647058, 0.7058823529411763, 0.5917797542560731, 0.5917797542560732, 0.8571428571428573, 0.8422290645526358, 0.9332069344626475, 0.7769177626221329, 0.815329072027077, 0.711240300246423, 0.7769177626221329, 0.7688604801805139, 0.7688604801805139, 0.7688604801805139, 0.6381090426950287, 0.8650908689125241, 0.5226325762166165, 0.8186369418925546, 0.8186369418925545, 0.8186369418925545, 0.7999999999999999, 0.8421052631578947, 0.8888888888888888, 0.7515999558037763, 0.7112403002464232, 0.7112403002464232, 0.6083013373782921, 0.7515999558037763, 0.7368421052631579, 0.7515999558037763, 0.6457465281985653, 0.7769177626221329, 0.7999999999999998, 0.8421052631578947, 0.8186369418925545, 0.8788412824036219, 0.711240300246423, 0.7688604801805139, 0.7515999558037765, 0.6666666666666665, 0.7999999999999999, 0.9, 0.7368421052631577, 0.8421052631578947, 0.6381090426950287], [1.0, 0.7941976240152689, 0.6072166611417991, 0.5152927557469551, 0.2693558349079911, 0.31474905250713353, 0.7515999558037763, 0.8788412824036219, 0.7941976240152689, 0.6457465281985653, 0.42572496572879365, 0.6083013373782921, 0.8186369418925545, 0.7368421052631577, 0.8186369418925544, 0.8186369418925545, 0.7999999999999998, 0.7999999999999998, 0.7999999999999998, 0.9, 0.8186369418925544, 0.8186369418925544, 0.9260335835386859, 0.7769177626221329, 0.909090909090909, 0.909090909090909, 0.909090909090909, 0.7769177626221327, 0.7769177626221327, 0.7999999999999999, 0.7368421052631579, 0.8186369418925544, 0.6502661415881411, 0.720571677440774, 0.857142857142857, 0.7777777777777778, 0.7777777777777778, 0.7515999558037763, 0.8186369418925545, 0.9565217391304347, 0.9090909090909091, 0.7999999999999999, 0.9000000000000001, 0.857142857142857, 0.9523809523809523, 1.0, 0.9000000000000001, 0.9000000000000001, 0.9473684210526315, 0.8888888888888888], [0.6666666666666665, 0.5561787464811958, 0.84009303734315, 0.6547991927540455, 0.84009303734315, 0.6457465281985653, 0.5561787464811958, 0.38575903130485456, 0.5202791120294501, 0.6381090426950287, 0.5917797542560731, 0.5917797542560731, 1.0, 0.8186369418925544, 0.5226325762166165, 0.8650908689125241, 0.9260335835386859, 0.8186369418925546, 0.7999999999999999, 0.8421052631578947, 0.7777777777777777, 0.865090868912524, 0.9384430240090257, 0.865090868912524, 0.9260335835386861, 0.8650908689125241, 0.8421052631578947, 0.9000000000000001, 0.7368421052631579, 0.8186369418925546, 0.7242762259301011, 0.7688604801805139, 0.9131918006945132, 0.913191800694513, 0.913191800694513, 0.6083013373782921, 0.7112403002464232, 0.8402511144819101, 0.8186369418925545, 0.7515999558037763, 0.6764971842744294, 0.9, 0.7769177626221329, 0.7769177626221329, 0.9000000000000001, 0.6381090426950288, 0.5226325762166165, 0.5569145519180608, 0.7688604801805139, 0.926033583538686], [0.7999999999999998, 0.9, 0.6083013373782921, 0.6135329422918935, 0.6381090426950287, 0.711240300246423, 0.7769177626221329, 0.6666666666666665, 0.463759731915716, 0.6980018100523221, 0.5561787464811957, 0.711240300246423, 0.7515999558037761, 0.9, 0.711240300246423, 0.7515999558037765, 0.7688604801805139, 0.6457465281985653, 0.6381090426950288, 0.608301337378292, 0.7112403002464232, 0.7769177626221329, 0.6845792261984751, 0.5226325762166165, 0.865090868912524, 0.625, 0.6322500895505503, 0.7112403002464232, 0.7999999999999999, 0.7999999999999999, 0.7112403002464232, 0.6083013373782921, 0.6083013373782921, 0.8788412824036218, 0.857142857142857, 0.8186369418925546, 0.865090868912524, 0.9473684210526315, 0.7999999999999999, 0.711240300246423, 0.768120134042142, 0.5561787464811958, 0.6845792261984752, 0.711240300246423, 0.7999999999999998, 0.7368421052631577, 0.5561787464811958, 0.6881041381073282, 0.6457465281985653, 0.7242762259301011], [0.7941976240152688, 0.8186369418925545, 0.7999999999999999, 0.7777777777777777, 0.6666666666666665, 0.7112403002464232, 0.7242762259301011, 0.7242762259301011, 0.608301337378292, 0.7941976240152688, 0.9332069344626476, 0.7368421052631577, 0.6764971842744295, 0.7242762259301011, 0.7688604801805138, 0.8688104138107328, 0.5569145519180608, 0.6457465281985653, 0.6135329422918934, 0.5043823495464075, 0.7197997765964302, 0.7058823529411765, 0.625, 0.9171340598608969, 0.6786620902057692, 0.42857142857142855, 0.768120134042142, 1.0, 0.815329072027077, 0.9131918006945132, 0.7216586451769459, 0.6547991927540455, 0.6135329422918935, 0.7242762259301011, 0.7368421052631579, 0.7777777777777779, 0.7777777777777777, 0.7690250805954953, 0.4954750985056053, 0.5882352941176469, 0.4556106521909714, 0.6980018100523221, 0.5240069970158122, 0.5525848819904038, 0.865090868912524, 0.8650908689125241, 0.8186369418925545, 0.711240300246423, 0.6083013373782921, 0.8186369418925544], [0.7112403002464232, 0.5226325762166165, 0.6197591820712088, 0.7376208276214655, 0.6666666666666665, 0.5917797542560731, 0.5872612932418803, 0.5917797542560731, 0.5917797542560732, 0.6764971842744294, 0.8961401563824989, 0.5196067309356512, 0.4900090502616102, 0.4874904825002474, 0.8402511144819101, 0.608301337378292, 0.8186369418925545, 0.8421052631578947, 0.8421052631578947, 0.7999999999999999, 0.7769177626221329, 0.7941976240152688, 0.6135329422918934, 0.4874904825002473, 0.8186369418925545, 0.7769177626221329, 0.7769177626221329, 0.7999999999999999, 0.7112403002464232, 0.6845792261984752, 0.7769177626221329, 0.7999999999999999, 0.6666666666666665, 0.7058823529411764, 0.6381090426950287, 0.7941976240152688, 0.7769177626221329, 0.8186369418925546, 0.7012110026362403, 0.6837931296484479, 0.8650908689125241, 0.8362257466865246, 0.8571428571428571, 0.6666666666666665, 0.888888888888889, 0.7777777777777779, 0.8186369418925545, 0.7769177626221329, 0.7769177626221329, 0.907927304869981], [0.7112403002464232, 0.7999999999999999, 0.8571428571428571, 0.7769177626221329, 0.6083013373782921, 0.7515999558037763, 0.7515999558037765, 0.6381090426950285, 0.7999999999999999, 0.857142857142857, 0.7769177626221329, 0.684579226198475, 0.926033583538686, 0.8421052631578947, 0.7368421052631579, 0.7368421052631579, 0.6381090426950288, 0.6083013373782921, 0.45561065219097147, 0.4900090502616102, 0.796815622067663, 0.7368421052631577, 0.8421052631578948, 0.9, 0.857142857142857, 0.8788412824036219, 0.7529301269245373, 0.8788412824036218, 0.7368421052631579, 0.7368421052631579, 0.9000000000000001, 1.0, 1.0, 0.8571428571428571, 0.857142857142857, 0.711240300246423, 0.8788412824036217, 0.7769177626221329, 0.711240300246423, 0.857142857142857, 1.0, 0.857142857142857, 0.8186369418925545, 0.7769177626221329, 0.857142857142857, 0.7999999999999999, 0.8186369418925544, 0.7242762259301011, 0.8788412824036219, 0.7769177626221329], [0.815329072027077, 0.711240300246423, 0.7999999999999999, 0.7368421052631579, 0.6666666666666665, 0.7515999558037763, 0.7515999558037763, 0.6666666666666665, 0.6666666666666665, 0.6666666666666665, 0.7515999558037763, 0.8788412824036217, 0.8571428571428571, 0.7112403002464232, 0.7769177626221329, 0.7769177626221329, 0.7242762259301011, 0.8186369418925545, 0.9000000000000001, 0.8421052631578947, 0.865090868912524, 0.8186369418925546, 0.8421052631578948, 0.7368421052631579, 0.8788412824036218, 0.8362257466865245, 0.857142857142857, 0.857142857142857, 0.8788412824036218, 0.9260335835386859, 0.9000000000000001, 0.9000000000000001, 0.857142857142857, 0.8788412824036218, 0.8186369418925545, 0.9000000000000001, 0.9, 0.9, 0.857142857142857, 0.857142857142857, 0.9000000000000001, 0.9, 0.7242762259301011, 0.5202791120294501, 0.5569145519180608, 0.84009303734315, 1.0, 0.8402511144819101, 0.7999999999999999, 0.9000000000000001]]
Total Percentage: [[25.0, 25.0, 12.5, 37.5, 0.0, 25.0, 25.0, 0.0, 50.0, 50.0, 12.5, 25.0, 12.5, 25.0, 37.5, 12.5, 37.5, 62.5, 62.5, 50.0, 25.0, 37.5, 50.0, 12.5, 25.0, 25.0, 50.0, 25.0, 62.5, 50.0, 12.5, 12.5, 37.5, 37.5, 25.0, 12.5, 25.0, 37.5, 50.0, 37.5, 25.0, 50.0, 37.5, 12.5, 25.0, 12.5, 12.5, 50.0, 12.5, 25.0], [25.0, 25.0, 37.5, 75.0, 25.0, 25.0, 37.5, 25.0, 50.0, 12.5, 25.0, 25.0, 37.5, 25.0, 62.5, 25.0, 25.0, 25.0, 37.5, 12.5, 50.0, 37.5, 25.0, 37.5, 62.5, 50.0, 25.0, 25.0, 25.0, 50.0, 12.5, 25.0, 37.5, 12.5, 25.0, 25.0, 25.0, 50.0, 37.5, 37.5, 50.0, 25.0, 75.0, 62.5, 37.5, 37.5, 50.0, 25.0, 25.0, 37.5], [37.5, 37.5, 37.5, 25.0, 37.5, 25.0, 37.5, 37.5, 50.0, 62.5, 62.5, 37.5, 50.0, 62.5, 25.0, 37.5, 50.0, 50.0, 75.0, 37.5, 75.0, 12.5, 37.5, 62.5, 75.0, 37.5, 50.0, 62.5, 37.5, 12.5, 37.5, 25.0, 50.0, 62.5, 50.0, 25.0, 50.0, 50.0, 0.0, 25.0, 50.0, 37.5, 62.5, 50.0, 62.5, 50.0, 37.5, 50.0, 75.0, 50.0], [100.0, 62.5, 50.0, 25.0, 12.5, 25.0, 12.5, 75.0, 50.0, 25.0, 37.5, 50.0, 62.5, 37.5, 50.0, 50.0, 37.5, 25.0, 37.5, 62.5, 25.0, 37.5, 50.0, 50.0, 62.5, 62.5, 50.0, 50.0, 50.0, 50.0, 25.0, 62.5, 50.0, 50.0, 50.0, 37.5, 50.0, 62.5, 62.5, 87.5, 75.0, 37.5, 62.5, 37.5, 62.5, 100.0, 75.0, 62.5, 87.5, 75.0], [25.0, 12.5, 50.0, 62.5, 75.0, 37.5, 37.5, 25.0, 25.0, 12.5, 50.0, 12.5, 87.5, 50.0, 37.5, 62.5, 62.5, 37.5, 37.5, 50.0, 50.0, 62.5, 87.5, 50.0, 50.0, 75.0, 62.5, 50.0, 12.5, 62.5, 62.5, 62.5, 75.0, 87.5, 87.5, 50.0, 62.5, 62.5, 50.0, 37.5, 50.0, 50.0, 50.0, 37.5, 50.0, 37.5, 25.0, 25.0, 50.0, 62.5], [50.0, 75.0, 25.0, 25.0, 25.0, 50.0, 37.5, 25.0, 37.5, 62.5, 25.0, 25.0, 62.5, 62.5, 37.5, 25.0, 12.5, 37.5, 37.5, 37.5, 12.5, 37.5, 12.5, 25.0, 37.5, 37.5, 25.0, 37.5, 25.0, 50.0, 0.0, 37.5, 50.0, 62.5, 37.5, 62.5, 62.5, 62.5, 50.0, 50.0, 37.5, 12.5, 25.0, 25.0, 12.5, 50.0, 12.5, 12.5, 50.0, 50.0], [12.5, 25.0, 37.5, 37.5, 0.0, 12.5, 50.0, 37.5, 12.5, 50.0, 62.5, 37.5, 50.0, 50.0, 62.5, 87.5, 37.5, 25.0, 25.0, 12.5, 50.0, 37.5, 37.5, 75.0, 50.0, 37.5, 62.5, 87.5, 75.0, 62.5, 62.5, 62.5, 50.0, 37.5, 37.5, 50.0, 37.5, 25.0, 25.0, 12.5, 25.0, 75.0, 37.5, 50.0, 75.0, 62.5, 37.5, 12.5, 25.0, 12.5], [25.0, 25.0, 62.5, 12.5, 12.5, 0.0, 50.0, 50.0, 50.0, 50.0, 50.0, 50.0, 37.5, 37.5, 37.5, 37.5, 50.0, 37.5, 37.5, 50.0, 37.5, 0.0, 25.0, 12.5, 50.0, 25.0, 37.5, 25.0, 12.5, 37.5, 25.0, 25.0, 37.5, 12.5, 50.0, 50.0, 50.0, 25.0, 50.0, 37.5, 62.5, 25.0, 62.5, 12.5, 62.5, 37.5, 37.5, 37.5, 25.0, 62.5], [25.0, 50.0, 12.5, 12.5, 25.0, 25.0, 50.0, 25.0, 50.0, 37.5, 25.0, 37.5, 62.5, 50.0, 25.0, 50.0, 37.5, 37.5, 37.5, 50.0, 12.5, 50.0, 37.5, 75.0, 62.5, 62.5, 62.5, 75.0, 50.0, 37.5, 75.0, 62.5, 87.5, 75.0, 50.0, 50.0, 75.0, 50.0, 50.0, 50.0, 87.5, 12.5, 62.5, 37.5, 75.0, 75.0, 50.0, 37.5, 62.5, 62.5], [50.0, 12.5, 50.0, 37.5, 25.0, 62.5, 25.0, 12.5, 50.0, 50.0, 37.5, 50.0, 50.0, 25.0, 50.0, 37.5, 25.0, 75.0, 62.5, 62.5, 75.0, 37.5, 50.0, 50.0, 62.5, 50.0, 50.0, 62.5, 50.0, 62.5, 62.5, 87.5, 50.0, 75.0, 62.5, 75.0, 75.0, 62.5, 50.0, 62.5, 62.5, 75.0, 37.5, 37.5, 62.5, 75.0, 87.5, 50.0, 37.5, 50.0]]
Total Delta Gamma: [2.03828753 1.99124571 1.97685219 2.09974976 1.79117356 2.18217382
 1.99925106 2.04486424 1.96982838 2.10256699]
Total Delta R: [1.49107781 1.67545114 1.52620896 1.56211335 1.35825127 1.52527509
 1.29268176 1.70447476 1.33485773 1.66656889]
