Estimating the parameters from the real data (K=2) (z initialized through y and r)
==================================================

N (neurons): 805
K (states): 6
T (time steps): 10000
Seed: 12345
Number of repetitions: 10
Number of iterations: 100

Estimated parameters:
Estimated Pi: [array([0.18595139, 0.18744031, 0.16437699, 0.02215266, 0.19342583,
       0.24665283]), array([0.09197357, 0.1783749 , 0.11819761, 0.28880766, 0.19126931,
       0.13137695]), array([0.24675072, 0.05278156, 0.10429746, 0.28216696, 0.16613951,
       0.14786379]), array([0.06007086, 0.29779197, 0.18327071, 0.28900277, 0.10195092,
       0.06791276]), array([0.31776189, 0.1838224 , 0.16028147, 0.13174599, 0.18212971,
       0.02425854]), array([0.04035272, 0.23163182, 0.17778261, 0.0802499 , 0.29043741,
       0.17954555]), array([0.14157044, 0.0094193 , 0.27408254, 0.17279984, 0.15679122,
       0.24533666]), array([0.16644317, 0.14713993, 0.14266994, 0.12492595, 0.23548702,
       0.18333398]), array([0.19448466, 0.26211105, 0.06625934, 0.14860958, 0.12099132,
       0.20754406]), array([0.18115768, 0.19973037, 0.09911968, 0.23968177, 0.21724982,
       0.06306068])]
Estimated Gamma: [array([[1.29176320e-01, 6.39109101e-01, 5.05153345e-02, 6.98804377e-04,
        9.51068309e-02, 8.53936085e-02],
       [1.08413590e-01, 3.36593182e-01, 2.53615417e-02, 6.26582094e-03,
        5.22538941e-02, 4.71111971e-01],
       [1.78642536e-02, 2.58649300e-02, 3.68403497e-02, 8.85569447e-04,
        9.11964382e-01, 6.58051494e-03],
       [2.95923114e-02, 3.10497271e-01, 1.12120776e-01, 2.57713346e-03,
        5.39384906e-01, 5.82760305e-03],
       [3.73826786e-01, 2.32058094e-01, 3.11132247e-02, 4.91696292e-03,
        9.32513291e-02, 2.64833603e-01],
       [1.53654491e-01, 1.19387406e-01, 5.47760352e-03, 1.57087662e-02,
        6.36154753e-01, 6.96169807e-02]]), array([[0.2623243 , 0.0988325 , 0.07338841, 0.43628224, 0.06473485,
        0.0644377 ],
       [0.65514756, 0.04479225, 0.06859915, 0.10828224, 0.079015  ,
        0.0441638 ],
       [0.1725    , 0.0611536 , 0.01460587, 0.43489989, 0.2911703 ,
        0.02567035],
       [0.38383748, 0.14068475, 0.03044289, 0.12518203, 0.16811062,
        0.15174223],
       [0.75532292, 0.03080533, 0.01351848, 0.05130692, 0.06358328,
        0.08546306],
       [0.19592837, 0.23361247, 0.05371029, 0.16714904, 0.07700112,
        0.27259872]]), array([[0.32201474, 0.03517207, 0.06407334, 0.26682134, 0.11462852,
        0.19728998],
       [0.36395673, 0.00838433, 0.12211122, 0.35596185, 0.14308552,
        0.00650036],
       [0.58338075, 0.01290813, 0.09068382, 0.0369861 , 0.2505658 ,
        0.02547541],
       [0.01887253, 0.00305265, 0.05511578, 0.26933708, 0.29635655,
        0.35726541],
       [0.03288188, 0.05284082, 0.2297167 , 0.26932468, 0.27404691,
        0.14118901],
       [0.20418197, 0.01243539, 0.21881135, 0.49632174, 0.01020609,
        0.05804346]]), array([[0.04133218, 0.47853234, 0.06333565, 0.39275191, 0.00643219,
        0.01761574],
       [0.08683284, 0.59155159, 0.25304115, 0.03877952, 0.02628532,
        0.00350959],
       [0.10086164, 0.51235648, 0.10038043, 0.27625795, 0.00242408,
        0.00771942],
       [0.15845144, 0.65968575, 0.00689992, 0.15282158, 0.01498561,
        0.0071557 ],
       [0.05551185, 0.59887574, 0.03061402, 0.28270347, 0.03053547,
        0.00175945],
       [0.17956884, 0.62415663, 0.02859542, 0.15269183, 0.00157074,
        0.01341654]]), array([[0.50425834, 0.0824035 , 0.03192776, 0.02205159, 0.35387041,
        0.0054884 ],
       [0.83475887, 0.01554316, 0.03805912, 0.02043629, 0.0801137 ,
        0.01108887],
       [0.53964596, 0.01377882, 0.18073773, 0.04421824, 0.21185746,
        0.0097618 ],
       [0.77882723, 0.01545949, 0.05912783, 0.04340402, 0.04068505,
        0.06249638],
       [0.76241706, 0.02886185, 0.03660349, 0.05548459, 0.11315096,
        0.00348205],
       [0.65872485, 0.14372477, 0.02906434, 0.00611419, 0.15261133,
        0.00976052]]), array([[0.05481861, 0.02987735, 0.03782743, 0.60462165, 0.17329545,
        0.09955951],
       [0.04113173, 0.29745213, 0.29728918, 0.20446678, 0.04037086,
        0.11928932],
       [0.03597411, 0.23183   , 0.11933675, 0.53371713, 0.03032932,
        0.04881268],
       [0.09683861, 0.04432707, 0.04489817, 0.24862318, 0.34521713,
        0.22009584],
       [0.25981784, 0.01791188, 0.18500487, 0.15627896, 0.11508263,
        0.26590381],
       [0.12670771, 0.09672846, 0.32284936, 0.35020867, 0.08101226,
        0.02249354]]), array([[1.16514504e-01, 1.52887683e-02, 2.09139100e-02, 5.96101189e-01,
        1.33901292e-01, 1.17280337e-01],
       [4.80710008e-01, 2.57117803e-03, 1.56055812e-01, 2.36646531e-01,
        1.50869118e-02, 1.08929560e-01],
       [5.68001775e-01, 2.71641215e-03, 3.58183748e-02, 2.46781249e-01,
        1.35326931e-03, 1.45328920e-01],
       [2.67488694e-01, 1.04472566e-02, 8.69697436e-03, 1.10469714e-01,
        4.08585713e-01, 1.94311648e-01],
       [7.18367276e-02, 1.54951424e-02, 1.42510436e-03, 9.77975557e-02,
        5.18838392e-01, 2.94607078e-01],
       [1.41593956e-02, 2.15979012e-04, 3.39911117e-01, 3.61094139e-02,
        5.29970687e-01, 7.96334078e-02]]), array([[0.32410936, 0.0146754 , 0.02622373, 0.1168172 , 0.34978217,
        0.16839213],
       [0.20773867, 0.12465932, 0.08590339, 0.36204734, 0.01702527,
        0.20262601],
       [0.33892034, 0.02276723, 0.18418689, 0.01176717, 0.34219489,
        0.10016348],
       [0.42791115, 0.12178639, 0.00976637, 0.07240859, 0.03099418,
        0.33713333],
       [0.29379528, 0.16218863, 0.07562827, 0.23307627, 0.05788212,
        0.17742943],
       [0.54527427, 0.01748685, 0.02264181, 0.03271011, 0.17093201,
        0.21095497]]), array([[0.42143376, 0.23048727, 0.2449378 , 0.03192662, 0.00534756,
        0.06586699],
       [0.59881778, 0.13019078, 0.23443972, 0.01689929, 0.01269497,
        0.00695747],
       [0.30151312, 0.18768331, 0.13492231, 0.03630639, 0.01664041,
        0.32293446],
       [0.55154769, 0.06160761, 0.03763521, 0.02695064, 0.00533671,
        0.31692214],
       [0.62828766, 0.18671646, 0.04536079, 0.03336725, 0.01118391,
        0.09508392],
       [0.45877994, 0.29157958, 0.13395724, 0.0614117 , 0.01404807,
        0.04022346]]), array([[8.41642477e-03, 5.49427890e-01, 1.60647332e-02, 1.74290970e-01,
        2.32321498e-01, 1.94784842e-02],
       [1.45614008e-02, 2.07537039e-02, 8.36534535e-04, 2.17828446e-01,
        5.88792352e-01, 1.57227562e-01],
       [5.93416091e-02, 9.06294459e-03, 2.60014838e-02, 5.56075517e-02,
        8.48944983e-01, 1.04142808e-03],
       [9.53225026e-04, 7.84180915e-02, 1.74211826e-02, 1.99987850e-01,
        6.28647731e-01, 7.45719204e-02],
       [1.64033748e-02, 2.61274672e-01, 5.77462302e-04, 2.66941087e-01,
        4.11770705e-01, 4.30326985e-02],
       [6.64694016e-02, 1.08033347e-01, 3.31670230e-02, 6.03661741e-01,
        6.37864279e-02, 1.24882060e-01]])]
Estimated R: [array([[6.48642499e-01, 7.74065023e-01, 7.26279834e-01, 3.35701974e-02,
        8.40105090e-01, 8.66545796e-01],
       [2.95824547e-07, 2.69547634e-06, 3.78766976e-05, 8.15459834e-05,
        5.32667813e-07, 3.91151127e-07],
       [6.01056774e-06, 9.25932439e-07, 1.03362367e-05, 9.17240105e-05,
        3.43231769e-06, 9.55556756e-06],
       ...,
       [4.15752606e-03, 2.35269522e-03, 5.33674765e-03, 9.67004325e-03,
        1.37027174e-03, 8.75458449e-04],
       [1.52251021e-06, 1.03298612e-05, 7.75786911e-06, 1.12646095e-04,
        1.51107124e-06, 1.08786368e-05],
       [3.88924950e-03, 5.19945286e-03, 6.53537184e-03, 4.42172748e-02,
        2.32165594e-02, 5.82340866e-04]]), array([[8.84824856e-01, 4.68285120e-01, 4.03854017e-01, 8.38997093e-01,
        7.90937340e-01, 7.73222099e-01],
       [2.35757246e-07, 3.44315072e-05, 1.39049250e-05, 9.58562647e-07,
        4.26233536e-05, 1.79021268e-06],
       [1.00186521e-06, 9.41770793e-06, 2.40071928e-05, 4.67449266e-07,
        1.59288526e-08, 1.15093270e-05],
       ...,
       [4.97702200e-04, 5.55863262e-03, 1.05976462e-02, 6.45934313e-04,
        1.93434849e-03, 4.44331316e-03],
       [3.11877387e-07, 2.81647927e-06, 2.35058407e-05, 5.67356177e-06,
        3.66065462e-06, 2.62828376e-05],
       [4.25186294e-03, 2.56597452e-02, 1.28410184e-02, 5.76447484e-03,
        1.69528475e-02, 1.11830558e-03]]), array([[7.96644597e-01, 5.22017855e-01, 6.83325869e-01, 8.31211069e-01,
        8.00076785e-01, 7.71634317e-01],
       [2.81969047e-06, 1.62697184e-04, 1.07025236e-05, 6.10304019e-07,
        1.51419715e-06, 1.23959962e-06],
       [5.10990138e-06, 1.11380968e-05, 2.75171257e-06, 1.80461481e-06,
        1.46517179e-06, 2.34100001e-06],
       ...,
       [8.59745520e-03, 7.90612719e-03, 3.26304069e-04, 1.40630464e-04,
        4.51796250e-04, 1.29471492e-03],
       [7.47550092e-06, 1.18509255e-04, 3.96458078e-07, 1.49028143e-05,
        1.13300631e-06, 5.16319348e-06],
       [5.13866808e-03, 7.04502923e-03, 4.22302049e-03, 2.67936397e-03,
        2.25161722e-02, 8.88808662e-03]]), array([[4.55089229e-01, 8.87282791e-01, 6.21774518e-01, 8.38350610e-01,
        4.54073388e-01, 2.10913201e-01],
       [9.67145683e-06, 1.40755852e-06, 4.19438797e-06, 1.38375344e-06,
        2.50703809e-04, 8.44315726e-05],
       [1.40220922e-05, 1.73041278e-07, 2.09623099e-06, 5.05551679e-06,
        7.54455840e-06, 4.19034091e-04],
       ...,
       [1.30184552e-03, 1.40294641e-04, 7.92112880e-03, 3.64227752e-03,
        5.76740417e-03, 7.04041479e-03],
       [3.53370180e-08, 8.90088773e-07, 2.09592447e-06, 4.97081536e-06,
        6.18231009e-05, 1.72635937e-04],
       [4.16484693e-02, 2.82814918e-03, 1.65721774e-03, 3.91674925e-03,
        9.43276836e-02, 1.29044581e-02]]), array([[8.62990374e-01, 5.41038242e-01, 5.08107655e-01, 5.91017411e-01,
        7.39872740e-01, 4.61992458e-02],
       [4.12169567e-06, 2.34950508e-05, 2.37210237e-05, 4.26627002e-05,
        6.38488685e-06, 2.08141435e-04],
       [6.24301154e-07, 1.20361892e-05, 3.14753020e-06, 9.39949700e-05,
        1.81015641e-06, 1.96138157e-05],
       ...,
       [2.26549935e-03, 3.42027045e-04, 7.87006798e-03, 1.41754487e-02,
        1.77269473e-04, 8.57379069e-04],
       [3.43417777e-07, 5.26792392e-06, 5.14412029e-06, 1.51765145e-06,
        8.37957570e-06, 9.84282905e-05],
       [4.09858123e-03, 2.85069673e-03, 1.29218851e-02, 1.51334515e-02,
        1.80043250e-02, 9.38212071e-03]]), array([[5.90134273e-01, 7.93441117e-01, 8.56468548e-01, 8.47268756e-01,
        8.54328637e-01, 6.19035030e-01],
       [1.60295375e-05, 9.83331767e-06, 3.79725659e-06, 2.82060622e-07,
        4.76497292e-06, 4.76235059e-06],
       [1.35633039e-05, 5.19596884e-06, 7.25831306e-06, 3.18418780e-06,
        3.30952807e-06, 3.72525843e-06],
       ...,
       [9.60118952e-04, 2.83221855e-03, 4.40746669e-03, 1.45305975e-03,
        1.05636918e-03, 3.52029664e-03],
       [5.97452923e-09, 1.08493086e-05, 8.18065260e-07, 3.43271886e-06,
        3.55081738e-06, 6.06761774e-06],
       [3.35398828e-02, 6.84235090e-03, 2.03850091e-03, 1.46613832e-03,
        4.12167738e-04, 2.10184006e-02]]), array([[7.80535248e-01, 1.06093220e-01, 7.14563835e-01, 7.57876597e-01,
        7.87071986e-01, 8.56183425e-01],
       [4.08622347e-06, 9.60528160e-06, 5.97986935e-06, 2.09093414e-06,
        2.26313602e-06, 8.86648349e-06],
       [1.81576146e-06, 2.64666948e-04, 1.19600928e-05, 1.80037651e-05,
        3.51735050e-06, 4.63921205e-06],
       ...,
       [1.10308442e-03, 1.31320007e-03, 8.93044050e-03, 3.42996889e-03,
        1.95120435e-03, 9.09895630e-05],
       [6.26046468e-06, 4.00337312e-05, 2.85449870e-05, 9.81521718e-06,
        3.14954559e-06, 4.19123430e-06],
       [3.30871971e-02, 3.33440044e-02, 9.03938522e-03, 2.47323413e-03,
        4.21114660e-03, 3.27689977e-03]]), array([[8.59216609e-01, 5.91599065e-01, 6.27370979e-01, 7.64966333e-01,
        7.73850910e-01, 7.49575443e-01],
       [2.36469455e-06, 2.68795331e-05, 9.74668566e-05, 5.91343650e-06,
        2.73095167e-05, 1.06982456e-05],
       [3.31555364e-06, 3.36656585e-06, 2.25064342e-05, 1.19442938e-06,
        7.85938279e-07, 6.36103456e-06],
       ...,
       [1.34980252e-03, 1.56686315e-03, 7.47148424e-03, 3.04476346e-03,
        6.29572512e-04, 3.88001025e-03],
       [4.20632283e-06, 2.93018851e-05, 3.81213854e-05, 2.20291185e-06,
        6.19582579e-06, 1.47536477e-06],
       [5.65463833e-03, 7.19128101e-04, 3.04718571e-02, 1.75583579e-02,
        1.54666795e-02, 1.08281077e-04]]), array([[8.85490034e-01, 8.44491653e-01, 5.17119539e-01, 4.02158571e-01,
        4.66414470e-01, 8.66540790e-01],
       [5.88834050e-07, 1.13305089e-06, 3.87827787e-06, 6.68317834e-05,
        2.46755650e-05, 1.11374054e-05],
       [2.56619889e-06, 8.16849604e-07, 4.19217678e-06, 1.27490109e-05,
        1.72545449e-04, 4.61031338e-06],
       ...,
       [1.18499048e-03, 2.60913185e-04, 5.94113867e-03, 8.81381185e-04,
        1.28513736e-02, 2.51332173e-03],
       [9.22669206e-07, 6.24317763e-06, 9.34033309e-06, 9.42551878e-05,
        1.69306479e-05, 3.65432305e-05],
       [9.55085087e-03, 3.46087795e-03, 1.69380348e-02, 5.41151615e-04,
        1.56092984e-02, 8.00519246e-05]]), array([[5.74614470e-01, 7.87981714e-01, 1.74025383e-01, 8.19004125e-01,
        8.36405686e-01, 4.14193623e-01],
       [1.57020398e-05, 3.78618559e-06, 5.63235902e-06, 1.92440446e-05,
        8.17402749e-07, 1.16590852e-05],
       [3.78250295e-05, 2.53613204e-06, 3.16619141e-04, 2.21355428e-06,
        2.23240170e-07, 1.70552005e-05],
       ...,
       [2.01701729e-03, 1.77193194e-03, 3.59816261e-04, 1.10548674e-03,
        3.04124091e-03, 1.73480884e-03],
       [2.20455977e-05, 3.93791990e-06, 1.21477149e-04, 6.46967250e-06,
        4.29405714e-06, 1.72097414e-05],
       [7.24937449e-03, 2.09620946e-02, 1.76315283e-02, 1.46561781e-02,
        1.47189832e-03, 1.63340117e-03]])]

