Estimating the parameters from the real data (K=2) (z initialized through y and r)
==================================================

N (neurons): 805
K (states): 7
T (time steps): 10000
Seed: 12345
Number of repetitions: 10
Number of iterations: 100

Estimated parameters:
Estimated Pi: [array([0.12759039, 0.24482152, 0.16288887, 0.16788566, 0.00842931,
       0.14687219, 0.14151207]), array([0.04994271, 0.14217793, 0.20336945, 0.10660413, 0.16052546,
       0.0976386 , 0.23974171]), array([0.12123861, 0.16495402, 0.18572512, 0.03527959, 0.26637739,
       0.07215665, 0.15426862]), array([0.25253606, 0.06684204, 0.10188538, 0.24199356, 0.1846786 ,
       0.11702829, 0.03503607]), array([0.2321271 , 0.15626337, 0.20280829, 0.117656  , 0.0356452 ,
       0.1098314 , 0.14566864]), array([0.23278647, 0.04601402, 0.0727167 , 0.17930984, 0.11938473,
       0.16016416, 0.18962407]), array([0.18975979, 0.14113212, 0.11618145, 0.05452522, 0.09685454,
       0.20967031, 0.19187656]), array([0.22186419, 0.1095986 , 0.19871902, 0.05197715, 0.12641688,
       0.16404429, 0.12737986]), array([0.07096285, 0.05067841, 0.03859618, 0.22151971, 0.01657357,
       0.29169457, 0.30997471]), array([0.11436605, 0.16846309, 0.10465123, 0.18345169, 0.13903926,
       0.10709986, 0.18292882])]
Estimated Gamma: [array([[2.78242870e-01, 2.39763134e-01, 1.74737301e-01, 1.81090968e-02,
        5.52739592e-03, 2.19197904e-01, 6.44222981e-02],
       [1.47589073e-02, 2.82229351e-01, 1.99353235e-01, 1.51857942e-01,
        6.32869205e-03, 9.98647095e-03, 3.35485402e-01],
       [2.91853939e-02, 1.43390822e-02, 1.65338706e-01, 1.22924166e-01,
        5.80261531e-03, 2.27871903e-01, 4.34538135e-01],
       [3.45523349e-01, 2.73264564e-01, 6.33411897e-02, 5.93488086e-02,
        3.33773956e-04, 7.12648653e-02, 1.86923450e-01],
       [7.49108064e-03, 1.45794429e-01, 4.83610813e-01, 1.65454012e-01,
        1.32925066e-02, 1.39789823e-02, 1.70378177e-01],
       [2.03512519e-01, 1.47266804e-01, 3.30517389e-01, 5.31268019e-02,
        7.24386639e-03, 2.57903640e-01, 4.28979295e-04],
       [2.20295819e-02, 3.47655018e-02, 1.56299121e-01, 2.39045902e-01,
        1.44199155e-02, 1.65790957e-01, 3.67649020e-01]]), array([[0.0037646 , 0.16904721, 0.08420249, 0.01236554, 0.01399766,
        0.46287451, 0.25374798],
       [0.00719029, 0.4122014 , 0.09989128, 0.02262217, 0.05484006,
        0.0865631 , 0.31669171],
       [0.00737888, 0.03980957, 0.10740133, 0.11145302, 0.03779941,
        0.07073633, 0.62542146],
       [0.02663585, 0.10338296, 0.23109975, 0.03036523, 0.0682923 ,
        0.44768602, 0.09253789],
       [0.01018597, 0.13629146, 0.3850824 , 0.08408918, 0.01299685,
        0.05970176, 0.3116524 ],
       [0.03204378, 0.12714162, 0.17682596, 0.14687515, 0.19270009,
        0.03436819, 0.29004522],
       [0.00168694, 0.0583465 , 0.46301847, 0.10395525, 0.15554396,
        0.03532433, 0.18212456]]), array([[0.09685039, 0.27849055, 0.42346613, 0.00516394, 0.1550278 ,
        0.00862001, 0.0323812 ],
       [0.06413462, 0.08952697, 0.1803353 , 0.00328427, 0.56053505,
        0.00646331, 0.09572048],
       [0.10436426, 0.53408157, 0.05881971, 0.00629629, 0.23248093,
        0.00690239, 0.05705484],
       [0.25475638, 0.1074626 , 0.39030723, 0.03425291, 0.18684013,
        0.00526901, 0.02111174],
       [0.38513496, 0.03964433, 0.15001982, 0.06780829, 0.27996148,
        0.02029135, 0.05713977],
       [0.11269724, 0.02477824, 0.29452623, 0.01975007, 0.48608564,
        0.02029728, 0.0418653 ],
       [0.16250643, 0.10567292, 0.21349244, 0.0097766 , 0.47389904,
        0.02816392, 0.00648865]]), array([[5.55423691e-01, 8.30818193e-03, 4.31871089e-02, 1.44781454e-02,
        1.91755711e-01, 1.84754070e-01, 2.09309139e-03],
       [3.08192242e-01, 1.30524465e-04, 5.55821973e-02, 3.31164108e-01,
        1.98075025e-01, 8.45570706e-02, 2.22988332e-02],
       [6.65362213e-01, 5.47129152e-04, 4.34389026e-02, 1.80893520e-02,
        1.60640773e-01, 9.86750625e-02, 1.32465673e-02],
       [6.27058749e-01, 2.21221847e-03, 1.74634283e-03, 1.24789770e-01,
        2.14480751e-01, 2.20416620e-02, 7.67050738e-03],
       [9.52101472e-02, 6.09682501e-03, 2.40261799e-02, 1.39867490e-01,
        6.14603027e-01, 1.11955806e-01, 8.24052492e-03],
       [3.47708501e-01, 2.92339716e-02, 1.56750889e-02, 8.26408070e-02,
        4.36683384e-01, 8.17914983e-02, 6.26674966e-03],
       [2.82737333e-01, 9.07935389e-03, 1.11537281e-01, 4.86371783e-02,
        4.91273585e-01, 2.24034672e-02, 3.43318014e-02]]), array([[0.62398019, 0.02567603, 0.0090851 , 0.09480588, 0.02166817,
        0.19304244, 0.03174218],
       [0.38144935, 0.05649192, 0.06495187, 0.20959201, 0.0060541 ,
        0.11640787, 0.16505287],
       [0.55667665, 0.00296493, 0.01429805, 0.12173449, 0.07056949,
        0.2206373 , 0.01311909],
       [0.15242927, 0.0025207 , 0.06523724, 0.4114888 , 0.00701672,
        0.20430737, 0.15699989],
       [0.42673093, 0.0435793 , 0.17994588, 0.30020335, 0.00518278,
        0.03593789, 0.00841988],
       [0.19551711, 0.11122236, 0.06150128, 0.12959878, 0.005335  ,
        0.09358578, 0.40323969],
       [0.62565651, 0.02292662, 0.00490984, 0.04211917, 0.01248596,
        0.2808314 , 0.01107049]]), array([[0.37457477, 0.20631625, 0.02482994, 0.24885561, 0.12669109,
        0.01801076, 0.00072157],
       [0.23484288, 0.0059165 , 0.02454768, 0.60394075, 0.03449954,
        0.08559612, 0.01065654],
       [0.32994244, 0.00074065, 0.14328609, 0.25008262, 0.02232939,
        0.24796444, 0.00565437],
       [0.28819005, 0.02330411, 0.15738013, 0.33450037, 0.1125624 ,
        0.07656731, 0.00749564],
       [0.22559661, 0.01267972, 0.05722409, 0.42028469, 0.11608711,
        0.15763593, 0.01049186],
       [0.19276195, 0.02346229, 0.08080476, 0.636132  , 0.0305523 ,
        0.01882452, 0.01746217],
       [0.24188049, 0.00394479, 0.3261746 , 0.15489742, 0.00511029,
        0.2086776 , 0.0593148 ]]), array([[0.4400625 , 0.20738496, 0.02785666, 0.00568599, 0.13039599,
        0.18370118, 0.00491273],
       [0.33547909, 0.01686686, 0.03585386, 0.06937836, 0.12294902,
        0.24578754, 0.17368527],
       [0.20607849, 0.00638088, 0.15727841, 0.12777715, 0.09264544,
        0.08402348, 0.32581615],
       [0.68818703, 0.02481759, 0.04377762, 0.04481547, 0.07822898,
        0.04740233, 0.07277098],
       [0.222505  , 0.09699264, 0.04903177, 0.01925719, 0.08933203,
        0.24655643, 0.27632494],
       [0.00291019, 0.18948871, 0.00838382, 0.106826  , 0.17533327,
        0.48987156, 0.02718645],
       [0.36066075, 0.02580995, 0.16840098, 0.01807104, 0.08118967,
        0.17488338, 0.17098424]]), array([[0.168898  , 0.60506084, 0.03786271, 0.03013028, 0.06305003,
        0.06738725, 0.02761089],
       [0.03219752, 0.33791582, 0.03515099, 0.00886961, 0.04281146,
        0.50648949, 0.03656512],
       [0.16147496, 0.30223135, 0.13211443, 0.00166704, 0.02501352,
        0.20462109, 0.17287761],
       [0.09992778, 0.12111539, 0.14015691, 0.01224668, 0.17255715,
        0.15018256, 0.30381353],
       [0.04486954, 0.53815264, 0.13726012, 0.01895406, 0.08286686,
        0.10469444, 0.07320234],
       [0.23095837, 0.31936498, 0.00284347, 0.02145608, 0.0636667 ,
        0.11535354, 0.24635687],
       [0.0667537 , 0.11045435, 0.07699973, 0.05095596, 0.12427547,
        0.30084813, 0.26971266]]), array([[0.00098381, 0.00341013, 0.0131496 , 0.56202264, 0.02563308,
        0.07768388, 0.31711685],
       [0.06240509, 0.00240646, 0.00385733, 0.46844387, 0.06905238,
        0.23814632, 0.15568855],
       [0.0128279 , 0.01062662, 0.00258303, 0.21846745, 0.014456  ,
        0.36788952, 0.37314948],
       [0.01126746, 0.00771005, 0.00355802, 0.65876429, 0.03174082,
        0.18027872, 0.10668063],
       [0.02917059, 0.06600843, 0.00232052, 0.21390683, 0.00603694,
        0.23217964, 0.45037705],
       [0.04112662, 0.2346877 , 0.01645864, 0.50413836, 0.02923581,
        0.0591368 , 0.11521608],
       [0.08071215, 0.02192665, 0.01068719, 0.39108224, 0.00307411,
        0.06221502, 0.43030265]]), array([[1.00813374e-01, 1.25739610e-01, 1.98453385e-02, 2.81693408e-01,
        1.32472402e-02, 4.05266760e-01, 5.33942689e-02],
       [2.80697360e-02, 1.48226083e-01, 3.30389795e-02, 3.96084707e-02,
        8.63654422e-03, 2.21382977e-02, 7.20281888e-01],
       [7.86005965e-03, 1.90643442e-03, 6.35361410e-03, 2.15268656e-02,
        7.27466156e-03, 3.93499828e-02, 9.15728382e-01],
       [6.66143862e-02, 9.84464532e-02, 3.77107912e-04, 1.95540582e-01,
        6.55338593e-02, 6.42984380e-02, 5.09189174e-01],
       [1.31106777e-02, 5.50131461e-03, 3.45325587e-03, 7.38902762e-03,
        3.94844092e-02, 5.48037659e-03, 9.25580938e-01],
       [4.05258772e-02, 1.04914643e-01, 4.82286851e-04, 4.04279746e-01,
        6.04858560e-02, 3.84157014e-02, 3.50895889e-01],
       [2.10136651e-02, 1.35605939e-01, 1.14576990e-02, 2.71248027e-02,
        1.18991141e-01, 1.43276062e-01, 5.42530691e-01]])]
Estimated R: [array([[7.28211993e-01, 8.78918678e-01, 8.81854143e-01, ...,
        1.27001334e-01, 6.64492742e-01, 7.78508837e-01],
       [4.64389931e-06, 2.26280212e-06, 1.16590663e-06, ...,
        3.68659322e-05, 4.60641691e-06, 6.13550768e-06],
       [2.08717715e-06, 1.02680767e-05, 4.01812832e-06, ...,
        6.37752503e-06, 5.07388874e-06, 8.11500097e-06],
       ...,
       [4.17498750e-03, 3.38459831e-04, 9.69999227e-04, ...,
        1.02282968e-02, 6.54319208e-03, 4.26332029e-04],
       [4.28136447e-05, 1.56448171e-06, 1.37091156e-05, ...,
        5.05664361e-05, 2.73364138e-06, 1.13374825e-06],
       [7.29314345e-03, 1.38172714e-02, 5.46262699e-03, ...,
        5.13950374e-02, 1.17640172e-02, 3.98213005e-03]]), array([[2.87161632e-01, 7.63460587e-01, 8.13579130e-01, ...,
        7.70460086e-01, 7.36010209e-01, 8.19685995e-01],
       [1.79062075e-05, 1.49469526e-05, 3.56621732e-07, ...,
        9.67883693e-06, 5.44580412e-06, 2.17701181e-06],
       [9.34887605e-05, 6.94887581e-06, 1.04790988e-06, ...,
        7.57071151e-06, 1.61640346e-06, 2.46939206e-06],
       ...,
       [8.70703208e-03, 5.09677361e-03, 1.80881485e-03, ...,
        4.74404611e-04, 1.15070945e-03, 1.82539075e-03],
       [5.58544434e-04, 2.14001194e-05, 3.50991923e-06, ...,
        4.88929203e-05, 1.00816376e-06, 8.90545962e-06],
       [1.44969594e-02, 1.58997446e-02, 1.07605258e-03, ...,
        1.04510022e-02, 1.29249563e-02, 7.90178397e-03]]), array([[8.15482578e-01, 6.22250851e-01, 8.80554895e-01, ...,
        8.93336174e-01, 3.92503285e-01, 6.00298738e-01],
       [2.55272389e-06, 4.39673595e-06, 1.74960753e-06, ...,
        3.45229612e-06, 9.89284566e-05, 2.36343684e-06],
       [4.91814588e-06, 4.55664701e-07, 6.78039437e-07, ...,
        2.83950586e-07, 9.84014309e-05, 1.27583381e-06],
       ...,
       [6.08148593e-04, 2.92117241e-03, 2.41395678e-03, ...,
        2.61708473e-04, 1.56383449e-02, 4.61313252e-03],
       [2.49460615e-06, 5.92918462e-06, 2.77866028e-05, ...,
        2.94563426e-06, 2.00902528e-04, 2.05927175e-05],
       [1.43582515e-02, 1.62526580e-02, 3.90468957e-03, ...,
        1.23401659e-03, 3.57472953e-02, 5.62732114e-03]]), array([[8.63386375e-01, 2.49115417e-01, 4.63696941e-01, ...,
        8.76786023e-01, 4.81060608e-01, 1.25288022e-01],
       [8.55409397e-08, 4.61160092e-04, 7.10398611e-05, ...,
        6.74757866e-07, 4.07159174e-06, 1.03713134e-04],
       [1.12410300e-06, 1.63396059e-04, 1.20282265e-05, ...,
        7.65286913e-07, 9.69820176e-06, 1.34082430e-04],
       ...,
       [1.43561975e-03, 5.39694249e-03, 9.53059471e-03, ...,
        1.52259150e-03, 3.86004357e-03, 8.45660379e-03],
       [7.93715805e-06, 1.45837361e-05, 6.35986707e-06, ...,
        3.75953174e-07, 8.61273341e-06, 4.13038139e-05],
       [2.62141579e-03, 1.56049935e-02, 7.53475331e-03, ...,
        5.36955744e-03, 2.59310187e-02, 5.11111285e-02]]), array([[8.72828512e-01, 5.29393090e-01, 6.69844195e-01, ...,
        1.56845155e-01, 9.06567348e-01, 4.72588897e-01],
       [4.58707746e-06, 1.49929614e-05, 7.49434663e-05, ...,
        4.85893318e-05, 7.45794762e-06, 4.98034046e-06],
       [4.78074628e-06, 2.46149435e-05, 2.44934909e-05, ...,
        5.79174257e-06, 8.99321280e-07, 4.43871173e-06],
       ...,
       [1.16798264e-03, 6.30684867e-05, 2.24173672e-03, ...,
        1.66341866e-02, 5.24676902e-03, 2.16323608e-03],
       [1.60532929e-06, 6.79726630e-07, 1.72855824e-05, ...,
        3.05505405e-05, 1.73928602e-06, 4.60067651e-06],
       [6.13716162e-03, 3.38897662e-02, 2.74588809e-03, ...,
        9.88700639e-02, 1.76473800e-03, 6.31167567e-03]]), array([[8.88656038e-01, 2.72815963e-01, 6.53619059e-01, ...,
        6.88707666e-01, 6.42248247e-01, 4.68985235e-01],
       [4.37746560e-07, 6.95852211e-07, 4.36427790e-06, ...,
        1.52095621e-05, 2.42452222e-05, 2.39755499e-06],
       [4.65648581e-06, 2.44585710e-05, 7.50752171e-06, ...,
        1.29552161e-05, 2.70291002e-05, 7.94701802e-05],
       ...,
       [1.53288893e-03, 2.48262876e-03, 5.63432482e-03, ...,
        2.49262486e-03, 7.24801412e-04, 6.96667294e-03],
       [2.21647730e-06, 4.38196108e-05, 2.62505748e-05, ...,
        6.35821766e-06, 3.25606090e-05, 3.95376031e-05],
       [2.99732035e-03, 2.66506758e-02, 2.89657852e-03, ...,
        3.48894794e-02, 2.49709830e-03, 7.11363507e-03]]), array([[8.16605821e-01, 8.36087385e-01, 7.99045734e-01, ...,
        7.68509897e-01, 8.35738068e-01, 7.75285399e-01],
       [4.95041090e-06, 9.36538769e-06, 3.99699658e-05, ...,
        2.36725920e-06, 7.92846802e-08, 3.09590180e-06],
       [2.29132271e-06, 1.27273917e-07, 3.56809125e-05, ...,
        3.87344200e-06, 3.73620568e-07, 4.26817033e-06],
       ...,
       [3.12505394e-03, 2.04411445e-03, 9.72640522e-03, ...,
        1.72380223e-03, 4.04560208e-04, 8.83778510e-04],
       [9.70480513e-06, 8.27972088e-06, 3.57694666e-05, ...,
        1.65647282e-05, 9.99673562e-06, 4.28076536e-06],
       [3.62423031e-03, 6.49825733e-03, 1.04448837e-03, ...,
        9.78324105e-03, 6.40740503e-03, 5.75103043e-03]]), array([[7.79698708e-01, 8.89994510e-01, 6.48596077e-01, ...,
        6.11826132e-01, 7.47561270e-01, 7.77868216e-01],
       [5.93903450e-07, 3.41095695e-06, 1.56469659e-05, ...,
        1.27105158e-05, 1.22439762e-05, 4.27713571e-06],
       [3.09941999e-06, 1.18695495e-06, 3.17708119e-05, ...,
        9.51616444e-06, 2.35093441e-06, 7.61116518e-07],
       ...,
       [1.74460723e-03, 3.01267187e-04, 1.08975858e-02, ...,
        1.15762522e-02, 2.24616099e-03, 1.21003370e-04],
       [7.68858230e-06, 6.24536102e-06, 2.17377852e-05, ...,
        1.93976905e-05, 3.97360989e-06, 1.51798073e-06],
       [9.02556038e-03, 4.62715522e-04, 5.82505061e-03, ...,
        3.18014069e-04, 9.68849153e-03, 2.23961443e-02]]), array([[2.63041465e-01, 4.96069624e-01, 2.57070422e-01, ...,
        8.46518210e-02, 7.27658881e-01, 8.78024973e-01],
       [2.72045369e-05, 3.16616076e-05, 5.97655143e-05, ...,
        5.30056366e-05, 1.55110188e-06, 1.04841745e-06],
       [5.21969522e-06, 4.36898974e-05, 1.87531552e-04, ...,
        9.76804922e-05, 8.52960617e-06, 1.12895249e-06],
       ...,
       [6.44735967e-03, 3.60008532e-03, 2.91404562e-03, ...,
        1.31646718e-02, 3.42460109e-03, 1.75055026e-03],
       [1.82639026e-05, 2.43944262e-06, 4.99535839e-05, ...,
        2.06199223e-05, 2.30905728e-06, 6.16031957e-06],
       [8.85774926e-02, 1.25587781e-02, 2.93805883e-02, ...,
        4.45985851e-02, 5.62846073e-03, 2.89578479e-03]]), array([[5.20376339e-01, 7.19977592e-01, 1.27956149e-01, ...,
        6.13497433e-01, 5.38880150e-01, 9.15403092e-01],
       [8.89334428e-05, 3.08171260e-07, 5.91947320e-05, ...,
        6.97834457e-06, 6.80185917e-06, 5.19994107e-07],
       [3.26168235e-05, 1.38123514e-05, 4.37609192e-04, ...,
        1.45320763e-05, 1.24866631e-06, 1.80171464e-07],
       ...,
       [1.08744299e-03, 1.94860961e-03, 2.77772245e-03, ...,
        2.87921391e-03, 3.46220702e-03, 2.07521672e-03],
       [1.69832456e-05, 5.71950494e-06, 1.03651534e-05, ...,
        2.59611146e-07, 1.25376969e-05, 3.31211323e-06],
       [1.47681838e-02, 4.02049641e-03, 7.52436401e-03, ...,
        1.30821716e-02, 1.41942768e-02, 4.30269510e-03]])]

Nmi with generated data: [0.03917892986506661, 0.03994578836400874, 0.03865301935958268, 0.04101424330582121, 0.03892305680867725, 0.04140999588012555, 0.04147617943844488, 0.043449838243942815, 0.044829612631971, 0.04252297131442567]