Complexity increased keeping gamma very unbalanced, and increasing K (K=8)
==================================================

N (neurons): 3
K (states): 8
T (time steps): 100000
Seed: None
Number of repetitions: 10

Initialization of parameters for HMM:
Pi: [1 0 0 0 0 0 0 0]
Gamma: [[0.72 0.04 0.04 0.04 0.04 0.04 0.04 0.04]
 [0.04 0.72 0.04 0.04 0.04 0.04 0.04 0.04]
 [0.04 0.04 0.72 0.04 0.04 0.04 0.04 0.04]
 [0.04 0.04 0.04 0.72 0.04 0.04 0.04 0.04]
 [0.04 0.04 0.04 0.04 0.72 0.04 0.04 0.04]
 [0.04 0.04 0.04 0.04 0.04 0.72 0.04 0.04]
 [0.04 0.04 0.04 0.04 0.04 0.04 0.72 0.04]
 [0.04 0.04 0.04 0.04 0.04 0.04 0.04 0.72]]
R: [[0.5        0.         0.5        0.         0.33333333 0.33333333
  0.33333333 0.        ]
 [0.         0.5        0.5        0.         0.         0.33333333
  0.33333333 0.33333333]
 [0.5        0.         0.         0.5        0.33333333 0.
  0.33333333 0.33333333]
 [0.         0.5        0.         0.5        0.33333333 0.33333333
  0.         0.33333333]]

Generated data:
Generated firings (y): [0 2 1 0 0 1 3 3 3 2 2 0 1 1 0 3 1 0 1 0 0 1 2 2 1 1 2 0 3 3 0 3 1 1 0 1 3
 1 3 3 3 2 2 0 0 0 0 2 2 2 2 3 3 2 3 2 3 2 2 1 2 2 1 0 1 2 3 1 1 0 2 2 3 3
 3 3 1 0 0 2 2 0 1 2 2 0 0 0 2 2 3 3 0 0 0 0 2 3 3 2]... (showing first 100 entries)
Generated states (z): [0 0 2 2 2 7 3 3 7 7 7 0 5 5 5 1 2 2 2 4 4 5 3 0 6 6 6 4 4 1 5 5 5 5 5 5 5
 5 5 5 3 3 3 0 0 0 0 0 0 0 3 3 3 3 3 3 3 3 3 6 6 6 6 6 6 3 5 5 5 5 7 7 7 7
 7 7 1 5 6 6 6 6 6 6 4 4 4 4 4 4 4 4 4 4 4 4 4 4 4 4]... (showing first 100 entries)

Estimated parameters:
Estimated Pi: [array([0.01545221, 0.06326641, 0.20712604, 0.20011868, 0.08510966,
       0.16273529, 0.09170715, 0.17448456]), array([0.10884537, 0.14099464, 0.0649364 , 0.23261066, 0.03857626,
       0.30634412, 0.00743732, 0.10025524]), array([0.00754831, 0.13959004, 0.41322349, 0.12266213, 0.05479387,
       0.10831499, 0.05973103, 0.09413615]), array([0.16507214, 0.33645455, 0.09487376, 0.15055452, 0.03316216,
       0.01564704, 0.16823936, 0.03599648]), array([0.1442178 , 0.02558903, 0.14114461, 0.16939623, 0.21503903,
       0.06745135, 0.11504979, 0.12211217]), array([0.04952171, 0.10350836, 0.48300768, 0.12013427, 0.0066998 ,
       0.04985632, 0.04571096, 0.14156091]), array([0.40268253, 0.10726034, 0.09933005, 0.30567212, 0.00599375,
       0.05154298, 0.02339009, 0.00412814]), array([0.01445662, 0.00253409, 0.19503942, 0.42742377, 0.11574635,
       0.04131816, 0.00115096, 0.20233064]), array([0.16267516, 0.14031929, 0.04396759, 0.01039228, 0.05794242,
       0.20404664, 0.15918989, 0.22146673]), array([0.05460097, 0.02882244, 0.06582734, 0.22416351, 0.10014848,
       0.32439987, 0.10794501, 0.0940924 ])]
Estimated Gamma: [array([[0.02601694, 0.0013227 , 0.27362983, 0.14707607, 0.2790616 ,
        0.20432275, 0.0062597 , 0.06231042],
       [0.11247463, 0.05451396, 0.1577343 , 0.04912709, 0.00645829,
        0.07327996, 0.3399179 , 0.20649387],
       [0.07479051, 0.1093899 , 0.14428169, 0.07034715, 0.02451687,
        0.02513435, 0.23762829, 0.31391123],
       [0.01742886, 0.10844617, 0.00897288, 0.09336231, 0.19662185,
        0.09831863, 0.37267211, 0.10417719],
       [0.04908517, 0.06618157, 0.09511425, 0.13766003, 0.48134323,
        0.02489976, 0.01876297, 0.12695303],
       [0.17259314, 0.05253616, 0.15225637, 0.08933123, 0.07015523,
        0.09114532, 0.33580117, 0.03618137],
       [0.03228069, 0.31772463, 0.0660734 , 0.05142298, 0.01008551,
        0.06011391, 0.36985428, 0.09244461],
       [0.12172904, 0.14284948, 0.19790967, 0.0184951 , 0.16729701,
        0.15353341, 0.1779284 , 0.0202579 ]]), array([[1.91585108e-01, 2.69029281e-02, 1.46786608e-02, 2.05834333e-01,
        2.87920097e-01, 7.78140359e-02, 9.60000419e-02, 9.92647952e-02],
       [1.25176073e-01, 6.22962705e-02, 3.96849927e-04, 5.03884702e-01,
        1.25132383e-01, 4.44115195e-02, 8.33509421e-02, 5.53512601e-02],
       [1.14735445e-01, 8.19737423e-02, 2.39448517e-02, 2.71077061e-02,
        3.88544584e-01, 3.11591441e-01, 4.27660128e-02, 9.33621766e-03],
       [2.68575213e-01, 3.27309667e-02, 1.20642552e-01, 6.73390375e-02,
        1.24518826e-01, 3.31311510e-01, 3.38931271e-02, 2.09887669e-02],
       [1.22135879e-01, 7.31197485e-02, 1.52253107e-01, 3.18464590e-02,
        1.73910594e-01, 1.79243784e-01, 9.83392667e-02, 1.69151163e-01],
       [4.87356080e-02, 3.73385709e-02, 1.65422787e-01, 1.70308719e-01,
        7.87197527e-02, 2.64622017e-01, 9.23394135e-02, 1.42513131e-01],
       [1.01267916e-01, 1.12553167e-02, 8.01500368e-02, 1.76099617e-01,
        1.63305635e-02, 9.22188771e-04, 2.77831625e-01, 3.36142736e-01],
       [6.91036704e-02, 4.28294410e-02, 5.92027803e-02, 1.17975519e-01,
        1.15274845e-01, 8.57763171e-02, 2.14652705e-01, 2.95184721e-01]]), array([[0.11965411, 0.0190104 , 0.10369069, 0.26877413, 0.06838982,
        0.19794653, 0.04099454, 0.18153977],
       [0.1341935 , 0.30998254, 0.17202494, 0.059397  , 0.21408876,
        0.03729279, 0.0238186 , 0.04920188],
       [0.09771721, 0.12949938, 0.16876824, 0.0475966 , 0.40548006,
        0.00398692, 0.136229  , 0.01072259],
       [0.12261419, 0.13147867, 0.05453817, 0.09442432, 0.32432603,
        0.0500085 , 0.09390267, 0.12870745],
       [0.12019893, 0.05038424, 0.282142  , 0.08642362, 0.00932604,
        0.15359334, 0.12326048, 0.17467135],
       [0.17874975, 0.08827518, 0.07740252, 0.07306057, 0.16332072,
        0.17276053, 0.15944906, 0.08698165],
       [0.15067328, 0.01238708, 0.2752451 , 0.09637468, 0.30082789,
        0.05215878, 0.08208864, 0.03024455],
       [0.06300513, 0.02738787, 0.02984542, 0.17107823, 0.01601624,
        0.4846161 , 0.16924113, 0.03880989]]), array([[5.71021175e-02, 1.35085354e-01, 8.29422832e-03, 1.29548818e-01,
        2.34224038e-01, 1.69831507e-01, 2.65897380e-01, 1.65570204e-05],
       [1.38035450e-01, 1.89585114e-01, 1.13414573e-01, 1.90513765e-01,
        1.22395180e-01, 4.58264199e-02, 1.81086293e-01, 1.91432048e-02],
       [1.04921109e-01, 1.55670829e-01, 9.15674646e-02, 8.80642290e-02,
        2.13832051e-01, 7.21156289e-02, 9.88842952e-02, 1.74944393e-01],
       [7.42927627e-02, 2.02370002e-01, 1.82799118e-01, 1.58374168e-01,
        9.61452829e-02, 9.60762166e-02, 4.25642084e-02, 1.47378241e-01],
       [4.60944447e-02, 2.08146495e-02, 2.27420380e-01, 2.36396073e-01,
        1.17311721e-01, 4.51525892e-02, 4.80201140e-02, 2.58790028e-01],
       [3.11859647e-02, 7.62707095e-02, 1.27945736e-02, 8.33851363e-02,
        2.55835267e-01, 6.47685273e-02, 1.55339235e-01, 3.20420586e-01],
       [1.72988877e-01, 1.31864853e-02, 1.59230176e-02, 2.04602863e-01,
        4.55621650e-02, 1.18099193e-01, 4.25575658e-01, 4.06174041e-03],
       [2.78726217e-02, 2.66456938e-01, 1.11386273e-01, 1.64708374e-01,
        1.19726771e-01, 2.09263936e-01, 5.25761673e-03, 9.53274700e-02]]), array([[3.00139052e-01, 2.01492972e-01, 8.94380828e-02, 1.32013893e-02,
        1.11087871e-01, 5.88198637e-03, 3.89678802e-02, 2.39790767e-01],
       [1.16225208e-01, 3.52310081e-01, 3.64313291e-03, 1.64927483e-01,
        5.47551505e-03, 2.57641283e-02, 1.47579318e-01, 1.84075134e-01],
       [2.29664113e-02, 4.46546602e-02, 2.51670366e-01, 2.71209155e-01,
        1.14052492e-01, 1.15932835e-01, 1.27477829e-01, 5.20362524e-02],
       [1.79467885e-01, 4.24713897e-03, 3.21244374e-01, 3.10704652e-01,
        6.95946441e-02, 9.58594696e-03, 5.13854077e-02, 5.37699517e-02],
       [1.74881993e-01, 1.17582732e-01, 8.65294760e-02, 1.87761456e-01,
        2.42799323e-02, 1.26611551e-01, 2.49822739e-02, 2.57370586e-01],
       [2.37775422e-01, 1.02997442e-01, 7.30034275e-02, 5.66908872e-03,
        1.64176395e-01, 2.20921805e-01, 2.28076077e-02, 1.72648812e-01],
       [1.37279952e-01, 4.90208042e-01, 1.18799248e-02, 8.58679645e-02,
        2.32801450e-04, 4.02235012e-02, 1.25538667e-01, 1.08769148e-01],
       [1.34366719e-01, 2.05636401e-02, 3.69552314e-02, 1.47426479e-01,
        2.86519176e-01, 1.85528681e-01, 5.72114694e-03, 1.82918927e-01]]), array([[3.68627694e-01, 6.89596824e-02, 6.83091098e-02, 4.59384052e-02,
        1.14939615e-01, 6.56045739e-02, 1.55461505e-01, 1.12159414e-01],
       [6.39612651e-02, 9.29275315e-02, 1.77577454e-01, 6.83482012e-02,
        9.89672751e-02, 4.34926292e-02, 2.33520750e-01, 2.21204895e-01],
       [1.04828207e-01, 2.16205135e-01, 8.25689411e-02, 1.08239099e-01,
        1.32775462e-01, 4.70258999e-02, 9.86328766e-02, 2.09724379e-01],
       [9.91137376e-02, 1.00798917e-01, 2.81287159e-03, 6.58066645e-01,
        5.45797066e-02, 1.29989828e-02, 4.17754256e-02, 2.98537139e-02],
       [5.68002471e-03, 1.10022337e-01, 6.33072683e-03, 6.36272577e-02,
        4.53141717e-01, 2.83546831e-01, 1.55877706e-02, 6.20633344e-02],
       [1.89530171e-01, 1.29493281e-01, 1.61268093e-01, 2.38899126e-02,
        2.21148065e-01, 1.20948803e-01, 5.45211770e-02, 9.92004980e-02],
       [1.18559739e-02, 3.77202992e-01, 1.70848208e-01, 1.16068193e-01,
        1.54759244e-01, 6.79423100e-02, 5.67787588e-02, 4.45443202e-02],
       [3.20285152e-02, 1.86885619e-01, 3.70343198e-04, 1.76258973e-01,
        8.60701284e-02, 5.10921044e-02, 1.85175635e-01, 2.82118682e-01]]), array([[0.08983564, 0.03916937, 0.05631238, 0.12273429, 0.2910757 ,
        0.00475806, 0.32495512, 0.07115943],
       [0.02797375, 0.11030173, 0.09589844, 0.21529781, 0.13601695,
        0.12739444, 0.27912472, 0.00799216],
       [0.0244265 , 0.01891347, 0.24935774, 0.08338712, 0.33263751,
        0.05973736, 0.09633575, 0.13520455],
       [0.08708374, 0.04996063, 0.02892629, 0.58072839, 0.05849101,
        0.02492014, 0.14593178, 0.02395802],
       [0.08038595, 0.35548966, 0.11730843, 0.21810187, 0.05336235,
        0.1396121 , 0.00159212, 0.03414753],
       [0.22565719, 0.15764038, 0.11682623, 0.12944187, 0.0468853 ,
        0.22360535, 0.02581263, 0.07413105],
       [0.10180117, 0.15847009, 0.22789219, 0.06588399, 0.1020235 ,
        0.09852939, 0.18462968, 0.06076999],
       [0.1656761 , 0.00514158, 0.2058162 , 0.02144704, 0.01810651,
        0.11656957, 0.19887883, 0.26836418]]), array([[0.22506201, 0.03039112, 0.15872023, 0.20897902, 0.06585237,
        0.14303183, 0.00406646, 0.16389695],
       [0.12886505, 0.05242918, 0.06164661, 0.09579666, 0.26711703,
        0.11714051, 0.1570009 , 0.12000405],
       [0.24898293, 0.11293122, 0.14710724, 0.1335437 , 0.01702924,
        0.13769488, 0.16206177, 0.04064904],
       [0.26143544, 0.02823669, 0.1059939 , 0.30897245, 0.11186566,
        0.10010785, 0.05773811, 0.0256499 ],
       [0.05054861, 0.11815962, 0.07575122, 0.1671248 , 0.2382014 ,
        0.08740158, 0.1169089 , 0.14590387],
       [0.0499281 , 0.07321159, 0.26938166, 0.23141558, 0.04771584,
        0.12488206, 0.1784268 , 0.02503836],
       [0.03738081, 0.12318419, 0.20805447, 0.04358937, 0.04094749,
        0.01604341, 0.32874936, 0.20205092],
       [0.0107018 , 0.23053721, 0.19253954, 0.13678976, 0.20491652,
        0.04474994, 0.07329637, 0.10646886]]), array([[0.13620281, 0.06344106, 0.19912591, 0.13568955, 0.06862237,
        0.05904162, 0.28136412, 0.05651255],
       [0.00479497, 0.03412384, 0.11727776, 0.21623367, 0.16147383,
        0.12477528, 0.20315728, 0.13816336],
       [0.10204474, 0.01048008, 0.46560464, 0.11548556, 0.07427751,
        0.07234438, 0.00965008, 0.15011302],
       [0.03853376, 0.40053642, 0.04391769, 0.05923014, 0.17003967,
        0.08342261, 0.06358578, 0.14073394],
       [0.0210092 , 0.04692069, 0.08687535, 0.33913031, 0.25655162,
        0.15704123, 0.07382727, 0.01864433],
       [0.42847102, 0.06339295, 0.06021134, 0.15333232, 0.04867118,
        0.05812506, 0.04535841, 0.14243772],
       [0.15146219, 0.05756733, 0.01902124, 0.13858518, 0.14192346,
        0.01895138, 0.37323671, 0.09925251],
       [0.01482744, 0.06732078, 0.12301139, 0.46400921, 0.18206593,
        0.00804744, 0.10208208, 0.03863574]]), array([[0.11556407, 0.09322731, 0.27347895, 0.12711706, 0.11211419,
        0.21149893, 0.01305132, 0.05394818],
       [0.01910274, 0.17104131, 0.05754125, 0.05291603, 0.07254544,
        0.18195294, 0.10798356, 0.33691675],
       [0.10935518, 0.02534958, 0.24026021, 0.16091095, 0.22289476,
        0.10396866, 0.00271768, 0.13454299],
       [0.01108839, 0.09079515, 0.1613256 , 0.03369227, 0.26510097,
        0.1913481 , 0.12748163, 0.11916789],
       [0.01630533, 0.00679421, 0.02271795, 0.29172853, 0.11021628,
        0.24166667, 0.25741183, 0.0531592 ],
       [0.07375312, 0.12683596, 0.0517385 , 0.01171568, 0.13159746,
        0.34839457, 0.19968011, 0.05628458],
       [0.2921023 , 0.07587885, 0.28328281, 0.13917686, 0.05015006,
        0.04571111, 0.01060983, 0.10308817],
       [0.1717858 , 0.43816348, 0.02366853, 0.03260899, 0.00685055,
        0.10950068, 0.02754903, 0.18987294]])]
Estimated R: [array([[0.13933899, 0.20636463, 0.11443824, 0.26056947, 0.29231026,
        0.40935235, 0.33965696, 0.18362305],
       [0.03318497, 0.64321184, 0.29427684, 0.26124353, 0.00927236,
        0.04667181, 0.33745287, 0.06059292],
       [0.42070215, 0.09848594, 0.20867212, 0.4563868 , 0.57394965,
        0.23184768, 0.04860938, 0.32344756],
       [0.40677389, 0.05193758, 0.3826128 , 0.0218002 , 0.12446773,
        0.31212817, 0.2742808 , 0.43233647]]), array([[0.17097665, 0.3275426 , 0.01804125, 0.27766977, 0.13873861,
        0.53088933, 0.04990286, 0.37588531],
       [0.26677076, 0.22774561, 0.07561163, 0.21899204, 0.36838556,
        0.1980274 , 0.24850872, 0.2913709 ],
       [0.48432771, 0.34657417, 0.29546599, 0.23800087, 0.15421334,
        0.00288245, 0.54527424, 0.15054032],
       [0.07792488, 0.09813761, 0.61088113, 0.26533732, 0.3386625 ,
        0.26820081, 0.15631419, 0.18220348]]), array([[0.06007828, 0.24150952, 0.55958832, 0.22160124, 0.35134655,
        0.01294185, 0.3677983 , 0.04806945],
       [0.40904327, 0.54619133, 0.29471094, 0.16504316, 0.16454924,
        0.31895042, 0.044752  , 0.04873851],
       [0.11039076, 0.14962657, 0.01818075, 0.59554724, 0.20882544,
        0.20710882, 0.43127292, 0.45746017],
       [0.42048769, 0.06267258, 0.12751999, 0.01780836, 0.27527877,
        0.46099891, 0.15617678, 0.44573187]]), array([[0.48784627, 0.3917988 , 0.26343782, 0.20933737, 0.0708476 ,
        0.0024251 , 0.54256553, 0.03757338],
       [0.22476894, 0.34029449, 0.50699216, 0.19327778, 0.4785317 ,
        0.08912026, 0.01206245, 0.17016333],
       [0.23784913, 0.00723357, 0.20173809, 0.19994784, 0.1872999 ,
        0.63465306, 0.32266419, 0.297259  ],
       [0.04953565, 0.26067314, 0.02783193, 0.39743701, 0.2633208 ,
        0.27380159, 0.12270782, 0.49500429]]), array([[0.3452896 , 0.09634489, 0.27424825, 0.41984643, 0.34130994,
        0.1594345 , 0.05655556, 0.18773979],
       [0.35724314, 0.48358707, 0.15850481, 0.14157004, 0.06943081,
        0.03735744, 0.71599241, 0.11400763],
       [0.18991329, 0.06020748, 0.47363604, 0.36649785, 0.03016648,
        0.47308967, 0.05988711, 0.31836753],
       [0.10755398, 0.35986055, 0.0936109 , 0.07208569, 0.55909277,
        0.33011839, 0.16756491, 0.37988506]]), array([[0.16068593, 0.2586023 , 0.77941228, 0.06088661, 0.22611151,
        0.01153568, 0.50407909, 0.32527002],
       [0.03599853, 0.47035564, 0.05703525, 0.09069546, 0.56097514,
        0.28497284, 0.17958873, 0.09850486],
       [0.65389441, 0.19645434, 0.03249106, 0.32943263, 0.03378227,
        0.17843463, 0.29726849, 0.31132205],
       [0.14942113, 0.07458771, 0.13106141, 0.51898531, 0.17913107,
        0.52505685, 0.01906369, 0.26490307]]), array([[0.23933131, 0.19779471, 0.23671835, 0.4476507 , 0.24698287,
        0.45772608, 0.00363633, 0.02011887],
       [0.60365848, 0.29052284, 0.09527238, 0.12098481, 0.16194895,
        0.20237596, 0.41677414, 0.24530572],
       [0.14505701, 0.04939645, 0.50937724, 0.38402513, 0.21416544,
        0.0777976 , 0.16374835, 0.26097421],
       [0.0119532 , 0.462286  , 0.15863202, 0.04733935, 0.37690273,
        0.26210036, 0.41584118, 0.4736012 ]]), array([[0.14416941, 0.02478516, 0.20131451, 0.56674809, 0.09818174,
        0.1665386 , 0.42650086, 0.1768773 ],
       [0.40176275, 0.35595601, 0.13610211, 0.1328157 , 0.16695292,
        0.26468011, 0.27745958, 0.31635756],
       [0.39628928, 0.06642314, 0.3566793 , 0.21111935, 0.26139453,
        0.55204932, 0.06986292, 0.03761012],
       [0.05777856, 0.55283568, 0.30590408, 0.08931686, 0.47347081,
        0.01673197, 0.22617665, 0.46915502]]), array([[0.46256097, 0.2184834 , 0.62720196, 0.06224539, 0.0140845 ,
        0.47801171, 0.24364794, 0.13177014],
       [0.10712522, 0.33217566, 0.16772793, 0.42434797, 0.14185113,
        0.09381213, 0.11682103, 0.49488973],
       [0.33049864, 0.21711909, 0.13962071, 0.16910738, 0.197991  ,
        0.0811767 , 0.61214879, 0.22538856],
       [0.09981517, 0.23222185, 0.06544941, 0.34429926, 0.64607337,
        0.34699945, 0.02738225, 0.14795157]]), array([[0.23090389, 0.02273216, 0.06028921, 0.17534626, 0.56730185,
        0.5351576 , 0.24722087, 0.05058306],
       [0.23162352, 0.51368732, 0.08346608, 0.23791585, 0.03053345,
        0.24615825, 0.16248903, 0.40147008],
       [0.22678423, 0.01502322, 0.81857916, 0.38216532, 0.19206694,
        0.04909152, 0.45518622, 0.0604543 ],
       [0.31068837, 0.4485573 , 0.03766555, 0.20457257, 0.21009777,
        0.16959263, 0.13510388, 0.48749256]])]

