Estimating the parameters from the real data (K=7) (z initialized through y and r)
==================================================

N (neurons): 805
K (states): 10
T (time steps): 10000
Seed: 12345
Number of repetitions: 10
Number of iterations: 100

Estimated parameters:
Estimated Pi: [array([0.26087479, 0.00804098, 0.18963895, 0.06765782, 0.03094689,
       0.01254725, 0.07175355, 0.07382844, 0.12743212, 0.1572792 ]), array([0.14130566, 0.02694857, 0.152401  , 0.11605737, 0.0421892 ,
       0.0887323 , 0.07243868, 0.10190057, 0.22088415, 0.03714249]), array([0.04661511, 0.04298181, 0.22273065, 0.0182606 , 0.18842701,
       0.11501803, 0.02646653, 0.05165828, 0.11401922, 0.17382277]), array([0.1118264 , 0.10995119, 0.08282041, 0.17007722, 0.12362415,
       0.10670302, 0.02772724, 0.13965536, 0.07128365, 0.05633138]), array([0.06402163, 0.13369881, 0.04356242, 0.02509366, 0.10541328,
       0.14127548, 0.15527663, 0.08835821, 0.14195287, 0.10134699]), array([0.02318273, 0.13679295, 0.10005183, 0.10713575, 0.14276949,
       0.21121411, 0.02110052, 0.05063453, 0.12557528, 0.08154282]), array([0.09851857, 0.11422141, 0.08631583, 0.12722949, 0.06511434,
       0.1767252 , 0.11993148, 0.03031448, 0.09322299, 0.08840621]), array([0.03481297, 0.00946322, 0.16042056, 0.11179523, 0.19270909,
       0.17869132, 0.05594509, 0.0226591 , 0.12551833, 0.1079851 ]), array([0.11759012, 0.10552946, 0.09770103, 0.03370277, 0.01152988,
       0.09275889, 0.17551149, 0.07363436, 0.06280732, 0.2292347 ]), array([0.09519321, 0.01577307, 0.03196702, 0.14690127, 0.04200411,
       0.08930316, 0.2125598 , 0.20476909, 0.07285933, 0.08866994])]
Estimated Gamma: [array([[5.66506523e-02, 6.55276421e-03, 1.07582778e-01, 1.67627815e-02,
        7.13883802e-04, 1.85196717e-04, 8.28219617e-02, 7.11052354e-02,
        1.02538674e-01, 5.55086073e-01],
       [4.47503211e-02, 1.55628501e-02, 6.47429699e-03, 2.56536162e-03,
        2.12727036e-03, 3.84846303e-02, 4.71519133e-02, 2.99588645e-02,
        4.31873024e-02, 7.69737189e-01],
       [4.27929519e-01, 1.25725343e-02, 1.75383095e-01, 4.00345998e-02,
        2.56159101e-04, 9.23685610e-03, 8.64784258e-02, 1.35642282e-01,
        5.95689240e-02, 5.28976048e-02],
       [1.86258776e-01, 1.31856212e-02, 4.84372239e-01, 3.96679988e-04,
        3.35679271e-03, 1.28696844e-02, 6.43663583e-02, 2.52819097e-02,
        1.50747262e-01, 5.91646763e-02],
       [2.93437722e-02, 3.03263948e-02, 1.96999884e-01, 2.35987364e-01,
        4.63823986e-02, 3.37550855e-03, 3.35941043e-01, 6.50738822e-02,
        4.56784587e-02, 1.08912942e-02],
       [4.12031139e-01, 2.43466772e-02, 3.44412693e-01, 3.50224361e-02,
        1.58500946e-02, 2.25933321e-03, 2.93208335e-02, 3.48445850e-02,
        9.93999677e-02, 2.51224028e-03],
       [4.28210765e-01, 6.42499234e-03, 4.39220953e-02, 3.70259188e-02,
        3.39082636e-03, 4.23845796e-02, 5.53495272e-02, 3.32928731e-02,
        1.50984722e-03, 3.48488576e-01],
       [5.69829742e-01, 2.24153399e-02, 2.09358460e-01, 1.39742465e-02,
        9.57749675e-04, 1.38582070e-02, 6.05395484e-02, 3.92538662e-02,
        6.00257270e-02, 9.78711369e-03],
       [2.84634617e-01, 7.15410176e-03, 3.33333156e-01, 4.31345755e-03,
        2.19704046e-03, 3.27295527e-02, 9.09790493e-02, 4.15470745e-02,
        6.52448565e-02, 1.37867094e-01],
       [2.42611891e-01, 1.83679848e-02, 4.76708937e-01, 1.30692092e-02,
        1.15375704e-03, 6.03745865e-03, 1.17097500e-02, 1.12955235e-01,
        6.95279110e-02, 4.78578665e-02]]), array([[1.78848925e-01, 2.13848463e-03, 1.61790633e-01, 1.39590785e-02,
        1.66784220e-04, 5.86022855e-01, 1.71236866e-02, 2.52319177e-03,
        1.17974979e-02, 2.56288631e-02],
       [9.31142719e-02, 9.98938394e-04, 7.95527400e-02, 4.92618968e-03,
        5.35365584e-03, 6.81072113e-01, 2.48615753e-02, 2.25286653e-02,
        8.35260857e-02, 4.06576470e-03],
       [1.75908812e-01, 4.56036783e-04, 1.49542486e-01, 2.21663573e-02,
        2.18758519e-04, 5.00876351e-01, 3.17853866e-03, 8.93549789e-03,
        1.35613049e-01, 3.10411267e-03],
       [5.11595361e-01, 1.17843139e-04, 2.38900834e-01, 7.34122450e-04,
        5.08185549e-03, 9.73499552e-02, 5.87850591e-03, 4.37350069e-02,
        6.69440743e-02, 2.96624419e-02],
       [1.02630118e-01, 2.98318005e-04, 3.42185721e-01, 1.74716093e-02,
        3.82411752e-03, 2.69451121e-01, 1.65422467e-02, 2.80210386e-02,
        1.92575724e-01, 2.69999857e-02],
       [2.06141926e-01, 3.45214571e-04, 5.25366001e-01, 6.67898472e-02,
        8.68298399e-04, 1.31730868e-01, 6.24959316e-04, 1.73909533e-02,
        4.92319491e-02, 1.50998319e-03],
       [1.46550716e-01, 1.04202001e-03, 5.86045346e-01, 1.71014495e-02,
        8.40331819e-04, 7.79781559e-02, 7.05317416e-03, 7.79305322e-03,
        7.29149122e-02, 8.26808411e-02],
       [1.02045069e-02, 5.91166943e-03, 7.71388249e-01, 4.17437137e-02,
        5.41857763e-03, 8.22405094e-02, 5.09252727e-04, 2.41642389e-02,
        3.83516628e-02, 2.00676198e-02],
       [5.97182954e-03, 3.89660587e-03, 5.57578779e-01, 3.26129496e-02,
        1.04561330e-02, 3.34756827e-01, 2.43821318e-03, 8.42201019e-03,
        1.13287461e-02, 3.25379069e-02],
       [3.20035236e-01, 2.81966920e-03, 3.50860736e-01, 2.36815556e-02,
        2.72013499e-03, 9.38270870e-02, 9.84846071e-03, 1.93730307e-03,
        1.86509968e-01, 7.75984970e-03]]), array([[7.19202419e-02, 1.33562427e-02, 4.37351363e-01, 8.02429660e-04,
        1.82073218e-01, 4.12824487e-03, 2.00753370e-02, 4.98254689e-02,
        1.04429758e-01, 1.16037697e-01],
       [1.85776460e-03, 2.34086400e-02, 1.54652916e-01, 1.37255920e-02,
        1.49725287e-01, 1.07768246e-01, 7.87184075e-02, 1.83785647e-03,
        2.86954754e-02, 4.39609815e-01],
       [4.23040534e-02, 3.63473243e-02, 1.59268728e-01, 1.11980945e-04,
        4.83567423e-02, 4.74362815e-02, 1.12581807e-01, 3.20841948e-02,
        1.30700440e-01, 3.90808448e-01],
       [3.59945527e-02, 1.70476939e-02, 6.48036220e-02, 1.33042013e-05,
        7.79715388e-02, 5.68092811e-02, 6.03936945e-02, 9.70740178e-02,
        1.30037514e-02, 5.76888544e-01],
       [9.43028687e-02, 2.21723093e-02, 3.35094763e-01, 5.57839126e-03,
        1.77713132e-01, 6.84162093e-03, 1.71073162e-02, 6.32708667e-02,
        1.27412535e-02, 2.65177478e-01],
       [1.74057991e-02, 1.01783755e-01, 1.22170000e-01, 2.13021203e-03,
        7.53182695e-02, 1.05820217e-02, 1.04014990e-03, 5.07231254e-02,
        1.94918737e-01, 4.23927930e-01],
       [2.87885847e-02, 5.12647980e-02, 9.11920999e-02, 1.23707064e-04,
        1.51841262e-01, 3.02881872e-03, 4.15834712e-03, 3.03225241e-02,
        1.23362482e-04, 6.39156496e-01],
       [3.73437553e-02, 2.25737001e-01, 4.49186573e-01, 1.65272219e-04,
        4.91769000e-02, 1.04879881e-01, 1.33602635e-02, 3.49854462e-02,
        7.86140617e-02, 6.55084647e-03],
       [6.60281898e-02, 2.75249426e-02, 5.67108270e-02, 4.34038447e-04,
        4.42403193e-02, 7.11157284e-02, 4.84338913e-02, 4.28667178e-02,
        2.10254518e-01, 4.32390828e-01],
       [1.01931199e-02, 1.16686564e-02, 3.49810438e-01, 6.82091095e-04,
        1.32495250e-01, 1.63927215e-02, 5.56006934e-04, 5.83482452e-02,
        3.08692847e-02, 3.88984186e-01]]), array([[0.02675951, 0.16037708, 0.00449847, 0.17384024, 0.16823746,
        0.06305482, 0.01790808, 0.16291772, 0.15167847, 0.07072816],
       [0.08542492, 0.3293752 , 0.01352226, 0.02110094, 0.08750236,
        0.01943766, 0.0984461 , 0.02862162, 0.30790973, 0.0086592 ],
       [0.06877454, 0.0774637 , 0.01071702, 0.03024294, 0.11250303,
        0.0544555 , 0.04709217, 0.00285751, 0.47794122, 0.11795237],
       [0.00999062, 0.36736404, 0.00390167, 0.07211694, 0.22764382,
        0.02804022, 0.00097239, 0.04416813, 0.11068892, 0.13511326],
       [0.03194416, 0.1824824 , 0.00510776, 0.08706326, 0.09368281,
        0.00895674, 0.11151371, 0.01591884, 0.35267565, 0.11065467],
       [0.16229996, 0.08628048, 0.00735245, 0.00535677, 0.1358436 ,
        0.00633078, 0.25234953, 0.0066581 , 0.33248916, 0.00503916],
       [0.03084812, 0.25606695, 0.01055249, 0.0101392 , 0.14322959,
        0.00770074, 0.2202928 , 0.00057553, 0.31404319, 0.0065514 ],
       [0.05098009, 0.35211214, 0.00850081, 0.12743345, 0.35189945,
        0.00426189, 0.00333191, 0.00537373, 0.06016102, 0.03594551],
       [0.00443457, 0.31190555, 0.00522494, 0.14261149, 0.07060168,
        0.06895823, 0.00269254, 0.04636734, 0.2580837 , 0.08911997],
       [0.06275798, 0.0960791 , 0.0153947 , 0.02056993, 0.06318608,
        0.00080449, 0.19117626, 0.01655483, 0.40550845, 0.12796819]]), array([[2.88132238e-01, 1.51400769e-02, 4.64654768e-02, 1.71408164e-02,
        4.27815284e-02, 1.59336621e-01, 4.92675681e-02, 2.97565704e-01,
        3.45179149e-02, 4.96520556e-02],
       [2.64849015e-02, 1.72559108e-01, 3.55442753e-02, 1.10067157e-01,
        1.90424118e-02, 3.73841471e-02, 2.64789109e-02, 2.04732151e-02,
        5.30749237e-01, 2.12166361e-02],
       [4.24097854e-01, 7.08030944e-03, 2.07743667e-02, 5.61693494e-02,
        2.69001760e-01, 1.12152619e-01, 2.04737984e-02, 1.05079491e-03,
        5.74919873e-02, 3.17071612e-02],
       [9.01719197e-02, 3.87371268e-02, 5.22172808e-02, 7.65321917e-03,
        2.59682378e-01, 1.15650525e-02, 3.13383213e-01, 1.36951856e-01,
        2.65399611e-02, 6.30979930e-02],
       [2.49380370e-01, 4.03643089e-02, 5.09146453e-03, 5.53463471e-02,
        4.09352186e-01, 8.65747933e-03, 5.11929908e-03, 1.90694128e-01,
        2.37563443e-02, 1.22380729e-02],
       [4.33967331e-01, 1.60698791e-02, 1.46723771e-02, 2.90426632e-02,
        8.58190902e-04, 1.37908237e-01, 9.47983444e-04, 5.68653777e-02,
        3.35187223e-02, 2.76149239e-01],
       [5.72207723e-03, 1.36126071e-01, 2.52181315e-02, 2.47156916e-02,
        6.00304185e-02, 3.59496761e-02, 1.99183177e-01, 1.82371266e-01,
        7.27619211e-02, 2.57921570e-01],
       [4.47337855e-01, 8.56628040e-02, 3.25693435e-02, 6.22409236e-03,
        2.23178447e-01, 1.51772312e-01, 9.10089425e-03, 2.01421835e-02,
        1.62280502e-02, 7.78401791e-03],
       [1.74286464e-01, 3.25040650e-02, 2.85143142e-02, 7.26862408e-03,
        2.17703704e-01, 2.16813653e-01, 3.71580831e-02, 2.20244230e-01,
        1.57726843e-04, 6.53491353e-02],
       [1.60621508e-01, 1.68854441e-01, 3.70755614e-02, 2.07072571e-02,
        1.96136709e-02, 1.79154842e-01, 1.65728892e-02, 1.37066808e-02,
        3.78898624e-01, 4.79452496e-03]]), array([[1.11777436e-02, 1.76401574e-01, 9.51171337e-03, 1.49328448e-01,
        2.60411413e-01, 3.06414559e-01, 1.22062181e-02, 4.42072180e-02,
        1.33462774e-02, 1.69948342e-02],
       [1.11623577e-02, 1.31813097e-01, 3.76788281e-03, 3.22959385e-01,
        7.98180087e-02, 1.24236699e-01, 7.06111772e-03, 7.16219647e-02,
        2.05135926e-01, 4.24235606e-02],
       [3.01038423e-03, 2.82162536e-01, 2.67873130e-02, 4.23520378e-02,
        9.47680304e-03, 2.86769676e-01, 3.97400214e-02, 1.14398740e-01,
        1.46720658e-01, 4.85818301e-02],
       [3.67062328e-02, 1.32335509e-02, 6.96288666e-02, 1.80396356e-01,
        3.89397995e-01, 3.57742505e-02, 2.05555022e-02, 6.25894639e-03,
        1.92928006e-01, 5.51202931e-02],
       [7.75471214e-02, 3.03266004e-01, 5.73437699e-03, 2.39463416e-01,
        4.27365249e-02, 2.93496930e-01, 1.67441948e-03, 1.07551096e-03,
        2.20767878e-02, 1.29289080e-02],
       [1.71913868e-02, 2.11579651e-01, 2.47689324e-02, 1.30467616e-01,
        2.32101249e-02, 3.41639980e-01, 1.71642493e-02, 3.57968162e-02,
        1.14715842e-01, 8.34654019e-02],
       [1.59848734e-02, 1.68978862e-01, 7.01107936e-03, 4.40695765e-01,
        1.69054211e-01, 4.19443131e-02, 6.32638533e-03, 4.23172440e-03,
        1.34960060e-01, 1.08127269e-02],
       [2.80511527e-02, 4.92425578e-01, 3.75761242e-03, 1.67365432e-02,
        2.16830333e-01, 6.62456765e-02, 2.58635517e-02, 8.86839586e-02,
        2.32938726e-02, 3.81117215e-02],
       [3.01359016e-03, 2.44104968e-03, 5.70216033e-03, 3.93399890e-01,
        1.04278230e-01, 4.18408614e-01, 3.34486291e-03, 2.58598906e-02,
        4.19474352e-02, 1.60427632e-03],
       [7.88812908e-03, 3.99053075e-01, 5.47130399e-04, 3.46981685e-02,
        1.02969141e-01, 4.02142916e-01, 2.59269882e-02, 4.01477064e-04,
        2.41232024e-02, 2.24977273e-03]]), array([[0.2017558 , 0.0202664 , 0.02684436, 0.43708139, 0.00827647,
        0.10040706, 0.0303302 , 0.02847981, 0.13095805, 0.01560046],
       [0.07285638, 0.0841794 , 0.0062083 , 0.40652483, 0.15938106,
        0.16112235, 0.03208545, 0.05462465, 0.01437551, 0.00864205],
       [0.19083155, 0.05506265, 0.04295922, 0.34516265, 0.08994203,
        0.02156996, 0.02728592, 0.01903254, 0.02259156, 0.18556192],
       [0.08636656, 0.01168653, 0.035603  , 0.35108159, 0.0197084 ,
        0.17042625, 0.03019363, 0.04778095, 0.13390053, 0.11325255],
       [0.22556605, 0.01546755, 0.02762483, 0.17931838, 0.01049097,
        0.38432563, 0.02554108, 0.01422386, 0.07733884, 0.0401028 ],
       [0.01284211, 0.02395566, 0.05160819, 0.45842901, 0.02371604,
        0.05772778, 0.00847929, 0.03542779, 0.05294643, 0.27486769],
       [0.05341903, 0.00162947, 0.01230478, 0.53006532, 0.01154876,
        0.11442886, 0.16794979, 0.00968496, 0.03272051, 0.06624852],
       [0.01239262, 0.00427317, 0.0207252 , 0.59728729, 0.03818425,
        0.06591232, 0.10764614, 0.02133277, 0.03174881, 0.10049743],
       [0.02930831, 0.07105267, 0.00299207, 0.1142886 , 0.04684759,
        0.57615569, 0.05809494, 0.01436593, 0.05941943, 0.02747477],
       [0.08340762, 0.0064248 , 0.11374827, 0.31778886, 0.0514917 ,
        0.15343215, 0.00513786, 0.06599132, 0.0299305 , 0.17264692]]), array([[2.74859532e-03, 1.26107290e-02, 2.08448338e-03, 5.08193774e-04,
        1.00887126e-01, 7.97587245e-01, 2.05795131e-02, 1.61123835e-02,
        1.12246483e-02, 3.56570828e-02],
       [2.47363570e-03, 3.42719077e-02, 1.25287696e-02, 3.37731889e-02,
        7.43055453e-02, 7.62327546e-01, 5.04819956e-04, 3.04119689e-02,
        1.44626774e-02, 3.49399401e-02],
       [1.46702102e-03, 5.21393848e-02, 8.79824560e-02, 3.52623966e-03,
        1.84092653e-01, 5.13279511e-01, 1.09952724e-02, 2.77033534e-02,
        4.50660931e-02, 7.37480149e-02],
       [5.89682374e-04, 8.83681430e-02, 1.29940939e-02, 1.48686910e-02,
        1.23741523e-01, 6.67967565e-01, 3.22210970e-03, 3.68426356e-02,
        3.76324008e-02, 1.37731555e-02],
       [4.80989649e-03, 2.42761620e-03, 1.66253691e-02, 1.28753856e-02,
        2.58698513e-01, 3.49748456e-01, 2.71942186e-03, 4.51212224e-02,
        3.20190449e-02, 2.74955075e-01],
       [1.92493470e-04, 7.55875804e-02, 4.43106016e-02, 1.25375444e-02,
        1.12697165e-01, 5.36174059e-01, 1.85656637e-02, 5.03904515e-02,
        1.17485120e-01, 3.20593216e-02],
       [1.43548354e-03, 6.06694805e-02, 2.85729414e-02, 1.13231869e-01,
        4.67811470e-01, 4.59049941e-02, 1.25676818e-02, 7.82495559e-02,
        6.26539130e-02, 1.28902611e-01],
       [3.62163964e-03, 2.28204161e-02, 1.42046683e-03, 4.04034169e-02,
        5.36291788e-01, 3.75179657e-01, 3.18821931e-03, 8.50818385e-03,
        8.22686220e-03, 3.39350259e-04],
       [4.83065584e-04, 3.07795403e-02, 6.07639324e-03, 2.18265972e-02,
        1.22329570e-01, 6.78843178e-01, 4.62276312e-03, 6.90129134e-03,
        5.89497544e-02, 6.91878470e-02],
       [1.01667669e-02, 5.76868008e-02, 7.14757952e-04, 8.57960838e-03,
        3.73714588e-01, 4.56085412e-01, 1.71616374e-04, 1.38996616e-02,
        2.60607278e-02, 5.29200604e-02]]), array([[0.03279634, 0.09630072, 0.01429318, 0.02067356, 0.01019049,
        0.00545944, 0.3227517 , 0.15156984, 0.04757797, 0.29838677],
       [0.06119747, 0.18303621, 0.01068651, 0.02976746, 0.00069671,
        0.06926862, 0.01946228, 0.50577817, 0.00116494, 0.11894163],
       [0.02555078, 0.19331938, 0.005151  , 0.01946101, 0.01183169,
        0.01227165, 0.26102683, 0.22912381, 0.04448833, 0.19777551],
       [0.14043062, 0.27002612, 0.0099739 , 0.01859894, 0.05460143,
        0.02968558, 0.06666321, 0.028347  , 0.04777544, 0.33389776],
       [0.02412548, 0.3360595 , 0.03534484, 0.02388239, 0.00293222,
        0.01586408, 0.06453988, 0.08483732, 0.05676613, 0.35564815],
       [0.00513639, 0.11577812, 0.02275959, 0.00179229, 0.0054165 ,
        0.0077352 , 0.36337137, 0.12520343, 0.05778268, 0.29502443],
       [0.0598368 , 0.30902492, 0.00306373, 0.00092692, 0.01104773,
        0.06180297, 0.14570722, 0.19505131, 0.12523973, 0.08829869],
       [0.00615425, 0.37317841, 0.00414754, 0.00258868, 0.00657252,
        0.06472346, 0.04746747, 0.23318121, 0.22034221, 0.04164425],
       [0.00721726, 0.31624669, 0.00463342, 0.00648222, 0.02224447,
        0.0133969 , 0.17815713, 0.27153253, 0.02288183, 0.15720756],
       [0.03906279, 0.37075948, 0.01694358, 0.06006162, 0.00063567,
        0.03545171, 0.03168286, 0.33684681, 0.04400789, 0.06454759]]), array([[4.67459168e-01, 1.83211139e-03, 1.35780784e-03, 8.03320310e-02,
        6.04134403e-02, 1.58575292e-01, 1.53685778e-01, 1.35540117e-02,
        2.91040627e-02, 3.36862970e-02],
       [4.44572447e-01, 2.47116265e-03, 4.18432930e-03, 1.61685783e-02,
        1.26845668e-02, 4.40866265e-02, 3.95115216e-01, 4.32853087e-02,
        3.36917127e-03, 3.40625938e-02],
       [3.64796826e-01, 4.20331766e-03, 2.81278218e-02, 1.61140397e-01,
        1.51181831e-01, 6.94051918e-02, 7.02353597e-02, 8.53465912e-02,
        5.84335371e-02, 7.12912640e-03],
       [4.33010613e-01, 1.23623608e-03, 5.31946499e-03, 6.88463545e-02,
        1.41810155e-01, 5.02591044e-02, 2.96534282e-02, 2.25095360e-01,
        1.75410821e-02, 2.72282017e-02],
       [3.15076748e-01, 6.86294209e-03, 1.16040631e-02, 3.49194093e-02,
        9.47249444e-03, 1.27161464e-01, 2.32372955e-01, 4.20664398e-02,
        2.57924211e-02, 1.94671064e-01],
       [3.15541129e-01, 1.61603730e-03, 3.94025426e-04, 1.28771705e-01,
        9.91293128e-05, 1.66439751e-01, 2.58723983e-01, 5.88496745e-02,
        1.43045216e-02, 5.52600438e-02],
       [1.31764984e-01, 3.51048338e-03, 7.04745066e-04, 1.52881551e-01,
        4.78241703e-02, 4.66879538e-02, 8.59745387e-02, 2.98009680e-01,
        8.40692784e-02, 1.48572614e-01],
       [6.43156302e-01, 6.38846610e-03, 1.05040958e-02, 1.36662837e-02,
        7.30275405e-02, 1.08581212e-01, 4.24234279e-02, 4.95956859e-02,
        4.51567351e-03, 4.81413125e-02],
       [4.37256431e-01, 2.33913241e-03, 6.83850043e-04, 1.04879048e-01,
        4.78912559e-02, 4.76374602e-02, 1.07460944e-01, 2.07149339e-01,
        1.18645444e-02, 3.28379952e-02],
       [7.20198627e-01, 1.64277386e-02, 1.75284842e-03, 6.77750672e-02,
        2.18471595e-02, 1.12035056e-01, 2.09089072e-02, 2.05579600e-02,
        2.25068185e-03, 1.62459543e-02]])]
Estimated R: [array([[8.70474552e-01, 2.18537011e-01, 8.34299418e-01, ...,
        5.49348224e-01, 7.35802417e-01, 8.45381361e-01],
       [3.62680046e-08, 6.39502616e-05, 4.89692374e-07, ...,
        2.03092684e-05, 1.30755119e-05, 3.14483075e-06],
       [1.66219940e-06, 7.20569637e-05, 7.82684846e-06, ...,
        2.10973164e-05, 8.91524446e-06, 2.25541179e-06],
       ...,
       [4.99939623e-03, 3.74780979e-03, 1.53251948e-03, ...,
        4.76151838e-04, 1.12894680e-03, 3.00778797e-04],
       [9.37345869e-07, 6.01828585e-05, 2.63167752e-06, ...,
        9.74241313e-07, 1.47181259e-05, 1.57712941e-05],
       [2.47322443e-03, 1.50599279e-02, 6.33080393e-03, ...,
        5.49586753e-03, 9.66095584e-03, 5.91838641e-03]]), array([[8.47102501e-01, 1.39468210e-01, 7.91537811e-01, ...,
        2.92578940e-01, 7.08235081e-01, 2.50085475e-01],
       [4.61111602e-06, 1.78746801e-04, 6.80690747e-07, ...,
        4.21447360e-05, 4.41480381e-07, 2.11807081e-04],
       [1.00278583e-05, 2.62605817e-04, 3.48424886e-06, ...,
        2.74146872e-05, 1.73642089e-05, 6.37509044e-05],
       ...,
       [1.58816070e-03, 2.75890116e-03, 6.94236400e-04, ...,
        4.25561160e-02, 4.80598581e-04, 1.11458915e-02],
       [2.68623203e-06, 1.38477966e-03, 1.75726034e-06, ...,
        5.43336995e-05, 1.09140896e-06, 2.38084596e-05],
       [7.42304595e-03, 1.16872995e-04, 3.57160623e-03, ...,
        6.48400164e-03, 2.81350116e-02, 9.92174285e-03]]), array([[3.39232044e-01, 3.97802757e-01, 8.83767711e-01, ...,
        6.52880359e-01, 6.71775185e-01, 9.15069895e-01],
       [1.37061921e-05, 1.14335278e-05, 1.45858374e-05, ...,
        1.08621847e-05, 1.10383862e-05, 1.58697049e-06],
       [1.43564437e-05, 3.09171516e-05, 3.31043455e-06, ...,
        6.62419527e-05, 1.46459822e-05, 6.36766122e-06],
       ...,
       [1.96415630e-02, 1.36201308e-02, 6.06756713e-04, ...,
        3.54464536e-04, 1.35637643e-03, 1.32436778e-03],
       [4.08786747e-05, 1.78710110e-05, 3.58134116e-06, ...,
        1.25812055e-05, 4.36361952e-05, 4.98252170e-06],
       [2.13560145e-02, 6.28169747e-03, 1.39097173e-03, ...,
        9.91945709e-03, 3.21973029e-02, 9.33420707e-03]]), array([[6.21056268e-01, 8.76953412e-01, 5.07622507e-01, ...,
        6.06151758e-01, 8.09075073e-01, 8.04047737e-01],
       [2.55533277e-06, 1.07754294e-05, 4.20031748e-05, ...,
        7.57267018e-06, 3.61350530e-06, 2.42709112e-05],
       [4.36102599e-05, 3.27720567e-06, 9.95015484e-05, ...,
        2.06223906e-05, 1.73475235e-06, 1.39042175e-06],
       ...,
       [2.76265145e-03, 5.57983745e-04, 1.29025090e-03, ...,
        1.39789566e-02, 6.50933188e-04, 3.39318608e-03],
       [2.39217030e-05, 4.59078361e-06, 1.19928697e-04, ...,
        5.98884957e-05, 2.16896163e-06, 1.88280151e-06],
       [2.10566882e-02, 5.81034354e-03, 3.73330959e-02, ...,
        1.92930184e-03, 4.51007922e-03, 1.31264209e-02]]), array([[8.89977988e-01, 7.48231944e-01, 6.08314658e-01, ...,
        7.01953850e-01, 8.08328862e-01, 5.71258349e-01],
       [1.21100069e-05, 1.33095146e-05, 9.70494717e-06, ...,
        2.80403027e-07, 1.39861128e-05, 1.17348352e-05],
       [2.17062266e-06, 2.60356026e-06, 4.99375820e-05, ...,
        5.62793712e-07, 4.80222297e-06, 2.42423216e-06],
       ...,
       [1.83266580e-03, 1.17609094e-04, 2.51913269e-03, ...,
        1.69787198e-03, 6.65365031e-04, 2.38077105e-03],
       [1.04800667e-05, 1.99422986e-06, 3.11809861e-06, ...,
        8.45791899e-06, 1.28855352e-05, 2.61878917e-05],
       [9.74730893e-03, 3.12744280e-03, 7.59681095e-04, ...,
        2.38323855e-03, 8.85529177e-03, 2.37205888e-02]]), array([[1.42199075e-01, 8.25023975e-01, 4.67480207e-01, ...,
        3.74151588e-01, 8.06607682e-01, 5.58208583e-01],
       [8.41735332e-05, 1.07869326e-06, 7.32267266e-08, ...,
        4.56765310e-06, 4.76290939e-07, 3.71364347e-06],
       [1.94263240e-05, 1.79496218e-06, 3.61166520e-05, ...,
        3.47842036e-06, 2.59961773e-07, 1.84419715e-06],
       ...,
       [8.46084885e-03, 2.55366636e-03, 3.96680856e-04, ...,
        3.60453491e-04, 1.59307730e-03, 1.58298467e-03],
       [1.47198378e-05, 5.19685674e-06, 6.91909312e-05, ...,
        4.87956023e-05, 3.38827347e-07, 4.53217216e-05],
       [3.99438962e-02, 1.40403077e-02, 2.93172931e-03, ...,
        2.80295948e-03, 1.74696417e-03, 1.61909958e-03]]), array([[8.23186011e-01, 5.44779944e-01, 4.75621202e-01, ...,
        2.61230164e-01, 7.20829753e-01, 7.43659838e-01],
       [3.22399541e-06, 7.00088929e-06, 1.89060910e-05, ...,
        1.33818510e-05, 2.55648443e-05, 1.61096622e-05],
       [6.20034718e-06, 2.21561089e-05, 8.02728631e-06, ...,
        7.62885952e-05, 3.04780404e-05, 1.96228393e-06],
       ...,
       [3.26708294e-03, 8.01830576e-03, 3.17052733e-03, ...,
        1.17358359e-02, 5.33859857e-04, 8.96110245e-04],
       [7.56685369e-06, 2.27206698e-06, 4.14007253e-05, ...,
        8.80435186e-06, 3.41790730e-07, 8.23775803e-06],
       [7.23459798e-03, 8.33185581e-03, 1.07029242e-02, ...,
        1.39576040e-02, 5.51102141e-03, 1.25186117e-02]]), array([[8.83127951e-02, 2.58377313e-01, 6.29760245e-01, ...,
        4.49186562e-01, 4.62702502e-01, 5.91798052e-01],
       [4.81026918e-05, 5.68933535e-05, 1.02587679e-05, ...,
        1.41900522e-05, 1.19971895e-05, 3.40984950e-06],
       [3.02048522e-05, 9.23918013e-06, 2.51165533e-05, ...,
        3.34455468e-05, 3.95464648e-06, 5.01942593e-07],
       ...,
       [2.73493637e-04, 1.45175179e-02, 3.00843149e-03, ...,
        1.18811330e-02, 2.34348010e-03, 1.47118318e-03],
       [5.38906663e-04, 5.26890146e-05, 4.49306467e-06, ...,
        1.60708261e-05, 3.31860538e-05, 4.99517392e-08],
       [6.62950681e-02, 2.80634455e-02, 3.17522647e-02, ...,
        6.61274488e-03, 2.26653864e-02, 1.18920231e-02]]), array([[6.62582843e-01, 8.61535134e-01, 4.23255838e-01, ...,
        8.58359018e-01, 5.71978588e-01, 8.13282313e-01],
       [3.27738985e-06, 2.35048074e-07, 4.18266237e-04, ...,
        5.00934976e-07, 4.79383296e-06, 2.54149806e-06],
       [1.09743657e-05, 1.15337178e-05, 5.66790223e-05, ...,
        5.15123767e-06, 1.25016718e-05, 6.86368279e-06],
       ...,
       [1.62237868e-03, 1.25766372e-03, 1.08304131e-02, ...,
        2.19682704e-03, 1.96337371e-03, 1.23883573e-03],
       [5.83621065e-05, 3.18418763e-06, 3.79127081e-05, ...,
        1.44520707e-06, 1.19408924e-05, 9.89725547e-06],
       [2.14749079e-03, 1.16832764e-02, 1.65992587e-02, ...,
        1.31404217e-03, 2.98118550e-02, 1.50654816e-03]]), array([[9.12547893e-01, 7.33469289e-02, 2.96123572e-01, ...,
        8.10977972e-01, 4.34865315e-01, 6.10330176e-01],
       [1.20778877e-06, 7.50731065e-05, 4.36646447e-04, ...,
        1.12341477e-06, 3.69386582e-06, 1.61649039e-06],
       [8.25151025e-07, 5.26593095e-05, 1.57996189e-05, ...,
        1.91913193e-06, 6.31209614e-05, 6.31104640e-06],
       ...,
       [4.50929759e-04, 1.38325337e-02, 4.29120234e-02, ...,
        5.77241026e-04, 1.10192166e-02, 1.87500261e-03],
       [3.69859298e-07, 1.12499199e-04, 5.89538608e-06, ...,
        1.01820908e-05, 1.71532445e-05, 8.56473262e-06],
       [7.15400503e-03, 1.67680151e-02, 9.67761366e-03, ...,
        4.31654519e-03, 3.51305897e-03, 2.25545431e-02]])]

Nmi with generated data: [0.046283102673564856, 0.0400846283617379, 0.048551581414350446, 0.0455726219621607, 0.04099492656598548, 0.043593885415802676, 0.046274452316595056, 0.041328469687826205, 0.04556309719521266, 0.04305137155503498]