Complexity increased keeping gamma very unbalanced, and increasing K (K=7)
==================================================

N (neurons): 3
K (states): 7
T (time steps): 100000
Seed: None
Number of repetitions: 10

Initialization of parameters for HMM:
Pi: [1 0 0 0 0 0 0]
Gamma: [[0.7  0.05 0.05 0.05 0.05 0.05 0.05]
 [0.05 0.7  0.05 0.05 0.05 0.05 0.05]
 [0.05 0.05 0.7  0.05 0.05 0.05 0.05]
 [0.05 0.05 0.05 0.7  0.05 0.05 0.05]
 [0.05 0.05 0.05 0.05 0.7  0.05 0.05]
 [0.05 0.05 0.05 0.05 0.05 0.7  0.05]
 [0.05 0.05 0.05 0.05 0.05 0.05 0.7 ]]
R: [[0.5        0.         0.5        0.         0.33333333 0.33333333
  0.33333333]
 [0.         0.5        0.5        0.         0.         0.33333333
  0.33333333]
 [0.5        0.         0.         0.5        0.33333333 0.
  0.33333333]
 [0.         0.5        0.         0.5        0.33333333 0.33333333
  0.        ]]

Generated data:
Generated firings (y): [0 2 0 0 3 3 3 3 1 1 1 3 0 3 3 3 1 3 2 2 0 0 2 0 0 2 0 0 1 1 1 1 0 1 2 2 3
 1 3 1 2 0 2 1 0 0 0 3 1 1 1 1 1 2 2 2 2 1 0 2 0 0 3 3 1 0 1 1 1 0 2 2 2 3
 0 2 0 1 0 1 1 0 3 0 0 0 1 0 0 0 2 0 3 2 2 2 2 3 2 3]... (showing first 100 entries)
Generated states (z): [0 0 0 5 5 5 5 5 5 5 5 3 5 4 1 1 2 1 0 0 0 0 0 0 0 0 2 6 1 6 6 6 2 2 3 3 3
 1 1 1 0 0 0 1 5 5 5 5 5 2 2 2 2 0 0 0 0 5 5 0 0 5 5 5 6 6 2 2 2 0 0 0 0 1
 2 0 0 2 2 2 2 4 4 4 4 4 2 2 4 4 4 4 4 4 4 3 3 3 0 3]... (showing first 100 entries)

Estimated parameters:
Estimated Pi: [array([0.02095121, 0.08262612, 0.23074698, 0.18790539, 0.20121011,
       0.26843132, 0.00812887]), array([0.07588241, 0.00551265, 0.09408111, 0.04430545, 0.26355446,
       0.22136445, 0.29529946]), array([0.07435313, 0.23295021, 0.14270632, 0.13628735, 0.03004426,
       0.12738651, 0.25627222]), array([0.36118294, 0.03947504, 0.04040943, 0.40589252, 0.04124286,
       0.06670204, 0.04509517]), array([0.1383539 , 0.42818606, 0.01189385, 0.04891661, 0.02118901,
       0.13069337, 0.2207672 ]), array([0.22250888, 0.21866135, 0.1164473 , 0.16382648, 0.10019684,
       0.15969917, 0.01865997]), array([0.20690318, 0.03919005, 0.36411453, 0.01036481, 0.17593444,
       0.06517624, 0.13831676]), array([0.04709356, 0.22698554, 0.18924006, 0.10927919, 0.04301377,
       0.33602153, 0.04836635]), array([0.20387349, 0.2853055 , 0.00289695, 0.00698813, 0.32539153,
       0.04281961, 0.1327248 ]), array([0.16305564, 0.18029997, 0.25367963, 0.00552276, 0.15863121,
       0.0423261 , 0.1964847 ])]
Estimated Gamma: [array([[0.37817826, 0.25007333, 0.00143997, 0.05998351, 0.17748874,
        0.04858791, 0.08424828],
       [0.16250662, 0.17687616, 0.11485624, 0.26632542, 0.11898357,
        0.15190427, 0.00854773],
       [0.10754028, 0.01801154, 0.11800444, 0.13114878, 0.29380235,
        0.14148406, 0.19000855],
       [0.07181598, 0.39594455, 0.29471902, 0.1325779 , 0.02952269,
        0.03968842, 0.03573144],
       [0.08786121, 0.03052996, 0.03498046, 0.19804118, 0.41548672,
        0.06064391, 0.17245657],
       [0.01789888, 0.11618268, 0.10754522, 0.11305859, 0.44309613,
        0.16284949, 0.03936901],
       [0.05215665, 0.02985436, 0.20958778, 0.28131802, 0.29902419,
        0.06943113, 0.05862787]]), array([[1.40266985e-01, 1.49040071e-01, 1.10454004e-01, 1.27841065e-01,
        1.17619805e-01, 1.40738729e-01, 2.14039340e-01],
       [1.07462032e-01, 3.33950237e-01, 1.15310188e-01, 1.37288472e-01,
        2.01999842e-01, 3.75486865e-03, 1.00234360e-01],
       [4.56017391e-01, 1.74165963e-01, 2.66254717e-02, 1.13387659e-01,
        5.46761518e-02, 9.33873399e-02, 8.17400238e-02],
       [1.59171013e-02, 5.21860272e-03, 2.92181424e-02, 3.01565739e-01,
        1.84999959e-01, 2.97269917e-01, 1.65810538e-01],
       [2.29250093e-01, 1.08759881e-01, 1.66705565e-01, 1.46548118e-01,
        3.36414724e-01, 1.18817657e-02, 4.39853622e-04],
       [1.19943501e-01, 1.43993773e-02, 2.00688510e-01, 2.51902639e-01,
        1.19119482e-01, 2.93559710e-01, 3.86780794e-04],
       [1.58296822e-01, 1.44551938e-01, 1.62208826e-01, 2.92630753e-01,
        1.85197279e-01, 2.12359263e-02, 3.58784572e-02]]), array([[0.06515708, 0.59048784, 0.07490679, 0.13966872, 0.07371347,
        0.02376041, 0.03230568],
       [0.07268248, 0.2039951 , 0.42074439, 0.02106796, 0.13635083,
        0.05282693, 0.09233231],
       [0.0578913 , 0.36944819, 0.07748949, 0.06201471, 0.14278497,
        0.19604146, 0.09432988],
       [0.07689156, 0.3104507 , 0.31892519, 0.02879837, 0.14448326,
        0.08303738, 0.03741355],
       [0.04643684, 0.04387024, 0.17217927, 0.12983578, 0.14687834,
        0.3230571 , 0.13774242],
       [0.11144794, 0.00789187, 0.22000623, 0.10895114, 0.00570457,
        0.38945848, 0.15653977],
       [0.25032492, 0.06046043, 0.01825784, 0.27744477, 0.18999101,
        0.17080109, 0.03271994]]), array([[0.28822943, 0.0951425 , 0.03197032, 0.14202127, 0.02744044,
        0.292819  , 0.12237704],
       [0.0722732 , 0.18569821, 0.19239811, 0.19040083, 0.26498591,
        0.07991813, 0.0143256 ],
       [0.22719959, 0.02366129, 0.08427584, 0.28020693, 0.04665987,
        0.27031151, 0.06768496],
       [0.19596558, 0.07626927, 0.03023346, 0.19939961, 0.15874115,
        0.10031133, 0.2390796 ],
       [0.02592285, 0.33863345, 0.30870418, 0.01851736, 0.14525606,
        0.04472943, 0.11823665],
       [0.19921975, 0.14674541, 0.42311051, 0.02847334, 0.08950647,
        0.07851717, 0.03442733],
       [0.01981839, 0.22872288, 0.01424055, 0.10793598, 0.09085994,
        0.03109074, 0.50733153]]), array([[0.21649666, 0.25632377, 0.08385702, 0.22549454, 0.05862415,
        0.05559355, 0.10361031],
       [0.24881552, 0.13030745, 0.01997458, 0.0497917 , 0.13264017,
        0.38003866, 0.03843191],
       [0.1749025 , 0.09773877, 0.05718888, 0.01441205, 0.42748408,
        0.14483098, 0.08344274],
       [0.09654764, 0.04282741, 0.09831977, 0.2500731 , 0.16878403,
        0.22595221, 0.11749584],
       [0.06697262, 0.00930211, 0.20617733, 0.15106042, 0.19419573,
        0.19173838, 0.1805534 ],
       [0.01198879, 0.10667951, 0.06695412, 0.22465746, 0.10507865,
        0.3500553 , 0.13458616],
       [0.05790348, 0.1498878 , 0.02996028, 0.23619977, 0.02334806,
        0.4351366 , 0.067564  ]]), array([[0.45018586, 0.08150894, 0.04951392, 0.11471695, 0.21631633,
        0.0679176 , 0.01984041],
       [0.00475826, 0.12917109, 0.01572931, 0.3622126 , 0.13498746,
        0.33537111, 0.01777017],
       [0.24207083, 0.08803523, 0.03474958, 0.11654743, 0.36314477,
        0.08057182, 0.07488032],
       [0.10198287, 0.13300283, 0.00653862, 0.15853456, 0.0832813 ,
        0.07322746, 0.44343236],
       [0.07237413, 0.02609861, 0.11845693, 0.25125487, 0.44111687,
        0.06222994, 0.02846866],
       [0.12495571, 0.01204458, 0.06411148, 0.04207105, 0.28496749,
        0.08115252, 0.39069716],
       [0.15436193, 0.11910025, 0.0220092 , 0.12354276, 0.29158379,
        0.15060517, 0.13879691]]), array([[0.12053323, 0.4364463 , 0.04556441, 0.06116388, 0.05242829,
        0.08177821, 0.20208568],
       [0.36001124, 0.02712112, 0.16372712, 0.0651439 , 0.10190749,
        0.07375905, 0.20833007],
       [0.07162508, 0.24866269, 0.34939501, 0.11923719, 0.02050972,
        0.10297946, 0.08759085],
       [0.04759622, 0.0174996 , 0.49689247, 0.03249524, 0.01242361,
        0.27762589, 0.11546697],
       [0.02529478, 0.26320219, 0.23460606, 0.00243296, 0.01373774,
        0.16382074, 0.29690554],
       [0.09949358, 0.2187027 , 0.28761901, 0.16450537, 0.15248247,
        0.05781378, 0.01938308],
       [0.01913482, 0.1403252 , 0.03773455, 0.03483103, 0.1301388 ,
        0.32363814, 0.31419747]]), array([[0.07674153, 0.14884831, 0.15739358, 0.03974178, 0.14056888,
        0.12860629, 0.30809963],
       [0.08001217, 0.1683763 , 0.05852708, 0.11690033, 0.18556215,
        0.30965736, 0.08096461],
       [0.0859525 , 0.2267897 , 0.46853714, 0.05192583, 0.09906772,
        0.00198632, 0.06574079],
       [0.06763339, 0.1476157 , 0.05338643, 0.27063114, 0.19039656,
        0.01207834, 0.25825845],
       [0.44437063, 0.05677892, 0.13707279, 0.11055867, 0.16324725,
        0.02652532, 0.06144642],
       [0.36389314, 0.25878782, 0.04980795, 0.02164841, 0.00769093,
        0.24452789, 0.05364387],
       [0.23126857, 0.14698075, 0.15249859, 0.18339292, 0.1145522 ,
        0.09317053, 0.07813644]]), array([[0.05426956, 0.32732685, 0.10926809, 0.01373638, 0.17449372,
        0.15489232, 0.16601308],
       [0.01599259, 0.1518291 , 0.10531959, 0.2267368 , 0.31850728,
        0.14685555, 0.03475909],
       [0.1239579 , 0.13342024, 0.34568797, 0.02087237, 0.19842776,
        0.04451811, 0.13311565],
       [0.17951214, 0.00193329, 0.13930957, 0.24077002, 0.2677051 ,
        0.00158439, 0.16918548],
       [0.13157817, 0.17044757, 0.13360827, 0.20682571, 0.08409804,
        0.25178573, 0.02165651],
       [0.03031398, 0.2702416 , 0.28065928, 0.13699546, 0.04788394,
        0.22239751, 0.01150823],
       [0.022438  , 0.0599284 , 0.01762859, 0.47664501, 0.11477585,
        0.1232234 , 0.18536074]]), array([[0.04678483, 0.17378134, 0.05168511, 0.09189483, 0.28708429,
        0.0977483 , 0.25102131],
       [0.11799535, 0.05526271, 0.3008042 , 0.04812554, 0.12262665,
        0.10485226, 0.25033329],
       [0.1341717 , 0.01685234, 0.39328978, 0.09692476, 0.16206731,
        0.01407186, 0.18262225],
       [0.17131969, 0.01999612, 0.20620849, 0.30033438, 0.04437546,
        0.12168388, 0.13608197],
       [0.14574851, 0.22626049, 0.05126025, 0.07855957, 0.32653717,
        0.12167287, 0.04996114],
       [0.09244538, 0.26243828, 0.03639366, 0.04610575, 0.20493211,
        0.30799696, 0.04968786],
       [0.15741214, 0.06128394, 0.21696175, 0.01094114, 0.18009679,
        0.11570888, 0.25759538]])]
Estimated R: [array([[8.01032045e-02, 1.17099116e-01, 4.36600911e-01, 3.46919281e-01,
        3.84811730e-01, 5.96545200e-01, 1.68019948e-05],
       [3.32831112e-01, 6.41366521e-01, 6.51229667e-02, 1.49923510e-01,
        1.15228445e-01, 1.61606317e-01, 2.42170750e-01],
       [1.69960324e-02, 2.07260878e-01, 2.08228642e-01, 3.48298151e-01,
        3.09499380e-01, 3.92782335e-02, 4.41954638e-01],
       [5.70069651e-01, 3.42734861e-02, 2.90047480e-01, 1.54859059e-01,
        1.90460446e-01, 2.02570249e-01, 3.15857810e-01]]), array([[0.50811483, 0.07531393, 0.19991988, 0.13396261, 0.25762186,
        0.37833986, 0.55073151],
       [0.04267022, 0.4505692 , 0.20683319, 0.41036921, 0.13395639,
        0.28716064, 0.07988297],
       [0.31080607, 0.21387796, 0.51465629, 0.23349814, 0.13290979,
        0.18576084, 0.12930432],
       [0.13840888, 0.26023891, 0.07859064, 0.22217005, 0.47551196,
        0.14873865, 0.2400812 ]]), array([[0.34794278, 0.28951437, 0.34759315, 0.3219871 , 0.04793649,
        0.34411647, 0.25268897],
       [0.07835599, 0.20621288, 0.35557258, 0.06019062, 0.37523865,
        0.18234418, 0.30969353],
       [0.12281358, 0.07557411, 0.14336843, 0.4611199 , 0.48389647,
        0.38579546, 0.13747818],
       [0.45088765, 0.42869863, 0.15346584, 0.15670237, 0.09292839,
        0.08774389, 0.30013931]]), array([[0.39903906, 0.16427051, 0.3252236 , 0.58237419, 0.20597553,
        0.10670159, 0.22617359],
       [0.35695854, 0.22610856, 0.12036519, 0.07623072, 0.39029502,
        0.17765097, 0.3108824 ],
       [0.12447409, 0.06376568, 0.32538036, 0.19490007, 0.12319537,
        0.46135701, 0.38738235],
       [0.11952831, 0.54585525, 0.22903085, 0.14649502, 0.28053408,
        0.25429043, 0.07556166]]), array([[0.18853918, 0.16118782, 0.27172353, 0.11789111, 0.64471887,
        0.23067067, 0.4675136 ],
       [0.3479068 , 0.14591775, 0.28802625, 0.55491701, 0.14661028,
        0.07798507, 0.15753883],
       [0.18585541, 0.56694629, 0.022097  , 0.12735918, 0.06097319,
        0.37032172, 0.26313115],
       [0.27769861, 0.12594814, 0.41815322, 0.19983271, 0.14769765,
        0.32102254, 0.11181642]]), array([[0.52055821, 0.50215477, 0.13423814, 0.28200079, 0.24558452,
        0.21968743, 0.13210726],
       [0.03931484, 0.26560931, 0.1276806 , 0.52157882, 0.06742292,
        0.1541151 , 0.49643414],
       [0.31638657, 0.07806061, 0.72467536, 0.04659907, 0.27993152,
        0.26297812, 0.20716656],
       [0.12374038, 0.15417531, 0.0134059 , 0.14982132, 0.40706104,
        0.36321935, 0.16429203]]), array([[0.22754793, 0.13502443, 0.51270186, 0.22282222, 0.23957671,
        0.14805856, 0.3918784 ],
       [0.13260301, 0.1501019 , 0.12584902, 0.54751949, 0.33015031,
        0.55769982, 0.08870764],
       [0.31514685, 0.38877565, 0.17404497, 0.1514315 , 0.25743083,
        0.17129829, 0.19948325],
       [0.32470221, 0.32609803, 0.18740416, 0.07822679, 0.17284215,
        0.12294333, 0.3199307 ]]), array([[0.22911518, 0.13759882, 0.5834168 , 0.14165351, 0.10286781,
        0.45337141, 0.34401592],
       [0.27522349, 0.21981687, 0.39255238, 0.00164269, 0.48491812,
        0.15766983, 0.0185619 ],
       [0.31159482, 0.23692207, 0.01019225, 0.55701665, 0.10350077,
        0.12536832, 0.43213328],
       [0.18406651, 0.40566224, 0.01383858, 0.29968715, 0.3087133 ,
        0.26359044, 0.2052889 ]]), array([[0.66487483, 0.20068369, 0.09371526, 0.26459553, 0.32869295,
        0.50792273, 0.10240079],
       [0.07594886, 0.40477096, 0.57796122, 0.1546326 , 0.11259045,
        0.1008027 , 0.089018  ],
       [0.19265373, 0.10722982, 0.26357139, 0.36805956, 0.04314774,
        0.12856071, 0.70991532],
       [0.06652258, 0.28731553, 0.06475213, 0.21271231, 0.51556886,
        0.26271387, 0.09866589]]), array([[0.35588329, 0.46056757, 0.52851055, 0.13214779, 0.01384826,
        0.0074785 , 0.46864133],
       [0.15698767, 0.08905576, 0.35428727, 0.36257294, 0.3866742 ,
        0.140703  , 0.0884439 ],
       [0.15574334, 0.00380211, 0.08392044, 0.29205181, 0.41827703,
        0.2685497 , 0.38780874],
       [0.33138571, 0.44657456, 0.03328174, 0.21322747, 0.18120051,
        0.58326881, 0.05510603]])]

