Estimating the parameters from the real data (K=2) (z initialized through y and r)
==================================================

N (neurons): 805
K (states): 6
T (time steps): 10000
Seed: 12345
Number of repetitions: 10
Number of iterations: 100

Estimated parameters:
Estimated Pi: [array([0.11545145, 0.22486742, 0.06812299, 0.14119655, 0.26195794,
       0.18840365]), array([0.11145966, 0.09537457, 0.08813489, 0.1984093 , 0.27738854,
       0.22923305]), array([0.18325025, 0.32579301, 0.04715625, 0.19923652, 0.22944307,
       0.01512089]), array([0.18935881, 0.0234417 , 0.01047253, 0.27440593, 0.37718061,
       0.12514041]), array([0.26720027, 0.07834629, 0.30393736, 0.1875993 , 0.06693069,
       0.09598609]), array([0.19032939, 0.26520628, 0.10550136, 0.17183119, 0.13481402,
       0.13231775]), array([0.01534566, 0.12896693, 0.22608088, 0.20034638, 0.14450497,
       0.28475517]), array([0.13865045, 0.27584257, 0.13981778, 0.16430644, 0.10308037,
       0.17830239]), array([0.01927141, 0.28723515, 0.10127505, 0.29320725, 0.02022379,
       0.27878736]), array([0.22816412, 0.1767379 , 0.26997478, 0.10926099, 0.07514588,
       0.14071633])]
Estimated Gamma: [array([[0.42168552, 0.07892571, 0.10319157, 0.22392392, 0.15555993,
        0.01671335],
       [0.34466532, 0.02466225, 0.0222233 , 0.29832597, 0.29363749,
        0.01648568],
       [0.04335958, 0.00728728, 0.06138963, 0.11123217, 0.46175538,
        0.31497596],
       [0.21690099, 0.10268722, 0.04890488, 0.02391583, 0.23765718,
        0.3699339 ],
       [0.17409617, 0.20406453, 0.02181708, 0.22454951, 0.33398697,
        0.04148575],
       [0.41064737, 0.18151923, 0.00752237, 0.07177018, 0.20687332,
        0.12166753]]), array([[1.37480584e-01, 7.33560703e-02, 3.91108241e-03, 9.13871355e-02,
        3.10503407e-01, 3.83361720e-01],
       [2.99093989e-02, 2.22973678e-02, 5.59043868e-02, 4.16627815e-01,
        3.88836265e-01, 8.64247671e-02],
       [1.17942322e-01, 6.47662774e-02, 2.18916104e-02, 4.07642573e-02,
        2.35865869e-01, 5.18769664e-01],
       [4.90022718e-02, 7.22884005e-02, 8.18361599e-02, 1.40504800e-01,
        6.23890551e-04, 6.55744478e-01],
       [2.66113896e-02, 7.29336195e-02, 3.83069780e-02, 2.55283794e-01,
        2.09979209e-01, 3.96885010e-01],
       [3.75182531e-02, 1.00592681e-01, 4.44205745e-02, 1.56190452e-01,
        2.86165622e-03, 6.58416383e-01]]), array([[0.54382373, 0.23078471, 0.00922825, 0.20318165, 0.0098446 ,
        0.00313706],
       [0.413022  , 0.24757566, 0.0511662 , 0.10459449, 0.15671319,
        0.02692845],
       [0.55754679, 0.16077758, 0.05616651, 0.06666932, 0.15280209,
        0.00603771],
       [0.10160491, 0.40609729, 0.06955886, 0.10270739, 0.30744491,
        0.01258663],
       [0.11051656, 0.29378319, 0.01217563, 0.0202891 , 0.55894582,
        0.0042897 ],
       [0.21532747, 0.3187006 , 0.01762581, 0.13868852, 0.30603403,
        0.00362358]]), array([[0.74904257, 0.04258036, 0.0105745 , 0.0387287 , 0.10960027,
        0.04947359],
       [0.20059079, 0.01859028, 0.01340995, 0.54310977, 0.15407803,
        0.07022118],
       [0.09897242, 0.08487472, 0.00420136, 0.20651623, 0.27359575,
        0.33183952],
       [0.49665789, 0.00764509, 0.00270424, 0.11030542, 0.36312255,
        0.01956483],
       [0.382353  , 0.007807  , 0.00221004, 0.46292437, 0.1279122 ,
        0.01679339],
       [0.39957372, 0.02656919, 0.00905623, 0.46261678, 0.09699341,
        0.00519067]]), array([[1.91624054e-01, 4.83373646e-04, 5.46899096e-02, 5.78940868e-01,
        3.99906296e-02, 1.34271165e-01],
       [2.40345630e-01, 4.40799984e-03, 3.94072142e-01, 1.36131052e-01,
        7.61080976e-02, 1.48935079e-01],
       [3.08632181e-01, 1.50772555e-02, 8.43774738e-02, 2.64339916e-01,
        1.04037608e-01, 2.23535566e-01],
       [5.00729891e-01, 5.94249096e-03, 1.71953588e-01, 3.67534885e-02,
        6.04780472e-03, 2.78572737e-01],
       [3.60004619e-01, 5.16078209e-02, 2.61761731e-01, 2.86111999e-01,
        2.67605564e-02, 1.37532733e-02],
       [4.01213860e-01, 8.78882580e-03, 1.01140432e-01, 4.12383156e-01,
        2.10488465e-02, 5.54248804e-02]]), array([[0.38045357, 0.12289628, 0.07985439, 0.03179542, 0.12752848,
        0.25747186],
       [0.26342175, 0.32659862, 0.05557875, 0.05665041, 0.10155023,
        0.19620025],
       [0.17232752, 0.37578271, 0.04140999, 0.05614581, 0.1235519 ,
        0.23078207],
       [0.06649166, 0.05096905, 0.11088756, 0.02734615, 0.06698439,
        0.67732119],
       [0.02406805, 0.32597102, 0.2347666 , 0.03484293, 0.16697039,
        0.213381  ],
       [0.15840159, 0.46987298, 0.03414308, 0.07130019, 0.10809916,
        0.158183  ]]), array([[0.0018793 , 0.0313508 , 0.01738165, 0.57479033, 0.00797917,
        0.36661874],
       [0.01380591, 0.03499369, 0.1616841 , 0.42413859, 0.0262865 ,
        0.33909121],
       [0.00966574, 0.20894464, 0.03330905, 0.48215783, 0.05213001,
        0.21379274],
       [0.01617451, 0.09335999, 0.15077084, 0.13936813, 0.16979339,
        0.43053314],
       [0.00753246, 0.01293943, 0.01591003, 0.47351692, 0.03708715,
        0.45301401],
       [0.008554  , 0.03956083, 0.01595088, 0.31751597, 0.00116233,
        0.617256  ]]), array([[0.18296474, 0.03950948, 0.15514702, 0.09484511, 0.30839811,
        0.21913555],
       [0.64227555, 0.03226372, 0.00676236, 0.09762824, 0.00213218,
        0.21893795],
       [0.52770275, 0.00469372, 0.13263452, 0.14443955, 0.11055594,
        0.07997352],
       [0.52821341, 0.03759494, 0.1387968 , 0.04535231, 0.24310878,
        0.00693376],
       [0.13043732, 0.02756099, 0.20688959, 0.14421136, 0.38460486,
        0.10629588],
       [0.27890042, 0.13449133, 0.04247793, 0.02688526, 0.41570081,
        0.10154426]]), array([[4.15172322e-02, 1.32852830e-02, 4.36815513e-01, 4.20314980e-01,
        7.55557044e-02, 1.25112878e-02],
       [6.86367491e-05, 2.85005169e-01, 3.71939617e-01, 2.35027239e-01,
        2.34992160e-02, 8.44601229e-02],
       [5.23690827e-04, 5.81693680e-01, 2.61602226e-01, 1.04669337e-01,
        1.55208668e-03, 4.99589798e-02],
       [3.13339341e-04, 4.04891322e-02, 3.08715149e-01, 5.49653723e-01,
        6.65364725e-02, 3.42921838e-02],
       [3.80567739e-04, 3.02630377e-01, 2.31169542e-01, 3.92437106e-01,
        2.39906732e-02, 4.93917341e-02],
       [1.00286916e-03, 3.32856269e-01, 5.68055273e-01, 2.94326038e-02,
        8.20573091e-03, 6.04472541e-02]]), array([[7.97036719e-02, 4.89847614e-01, 3.49805912e-01, 4.50041950e-02,
        1.42540664e-02, 2.13845412e-02],
       [2.14424372e-01, 1.10458473e-01, 3.87245279e-01, 2.28193506e-02,
        1.32817145e-01, 1.32235380e-01],
       [5.26519840e-01, 2.15531360e-01, 8.39485512e-02, 1.27585056e-03,
        1.53486393e-01, 1.92380049e-02],
       [2.06605182e-01, 1.03543497e-01, 4.42889178e-01, 9.01734966e-03,
        1.95321095e-01, 4.26236974e-02],
       [4.88226041e-02, 1.18397891e-01, 5.80496246e-01, 1.86056124e-02,
        4.72391751e-04, 2.33205255e-01],
       [1.10402193e-01, 2.89420283e-01, 8.87680966e-02, 3.49315321e-02,
        3.09006785e-01, 1.67471110e-01]])]
Estimated R: [array([[8.09522937e-01, 7.69013804e-01, 4.99736903e-01, 7.00245041e-01,
        8.31530356e-01, 8.62018353e-01],
       [8.08970238e-07, 1.07499755e-06, 2.33628789e-05, 3.72088519e-06,
        3.95032323e-06, 1.96786985e-05],
       [4.38013856e-07, 1.20265215e-05, 7.09452080e-05, 5.24756162e-07,
        3.26490780e-06, 8.23702605e-07],
       ...,
       [2.41562291e-03, 1.19447800e-03, 1.75849910e-03, 1.66541935e-03,
        6.81978800e-04, 7.42846650e-03],
       [2.97782206e-06, 6.10952958e-06, 8.44812085e-06, 1.41778310e-05,
        2.80760087e-06, 5.69169082e-06],
       [8.24992005e-04, 4.09934296e-04, 5.42039564e-04, 2.67753307e-02,
        1.38372701e-02, 3.68885960e-04]]), array([[6.28484732e-01, 5.18401693e-01, 5.79109797e-01, 8.27931068e-01,
        7.13340090e-01, 8.44654543e-01],
       [2.88884018e-07, 2.05212574e-05, 8.91693235e-05, 1.16597421e-06,
        4.36113861e-05, 4.17408554e-07],
       [3.42643131e-05, 5.67202842e-06, 4.19063286e-05, 3.41816045e-06,
        2.61550175e-06, 3.19434835e-06],
       ...,
       [2.74203722e-03, 4.97698950e-03, 1.24012526e-02, 1.29025355e-03,
        3.07698027e-03, 1.12594975e-03],
       [6.15882699e-05, 2.22643800e-06, 9.19638633e-06, 6.54026214e-06,
        1.12224559e-05, 3.91242050e-06],
       [7.67941424e-03, 8.95128583e-03, 1.41337200e-04, 1.75866090e-03,
        9.46667594e-04, 1.25026811e-02]]), array([[8.21885620e-01, 8.43561891e-01, 3.82421121e-01, 6.99361996e-01,
        7.74948746e-01, 1.03832976e-01],
       [3.41624737e-07, 6.59835248e-06, 6.37563529e-06, 1.03219440e-05,
        4.58572426e-06, 1.18604213e-06],
       [5.31295509e-06, 1.08882453e-06, 1.61937855e-04, 8.92636315e-07,
        9.03920855e-07, 2.83919526e-05],
       ...,
       [4.01887480e-03, 1.07911628e-03, 4.50969929e-05, 3.05514823e-03,
        2.38767238e-04, 3.40125681e-03],
       [7.33275972e-06, 2.59402066e-06, 3.72214270e-05, 1.11452619e-05,
        1.60069405e-06, 1.84265262e-04],
       [7.27131103e-03, 8.52450862e-04, 4.58904460e-02, 1.34894394e-02,
        1.10338785e-02, 2.44774992e-02]]), array([[8.75152671e-01, 2.02644383e-01, 6.06281649e-02, 7.94432087e-01,
        6.33968887e-01, 4.70016546e-01],
       [1.93981132e-06, 5.61427966e-06, 8.11955436e-06, 2.41956741e-06,
        6.29245693e-06, 5.68148556e-05],
       [1.53155067e-07, 9.90713090e-06, 2.42289052e-05, 5.03817903e-06,
        1.99116737e-05, 1.58188908e-05],
       ...,
       [2.54811357e-04, 8.45214306e-03, 2.39922973e-02, 3.12958072e-03,
        6.28551618e-03, 3.61666202e-03],
       [9.35598862e-07, 1.93683969e-05, 5.47034565e-05, 4.07061637e-06,
        1.06459075e-05, 4.52896193e-06],
       [6.59553285e-03, 3.91066502e-02, 9.12177665e-02, 5.45779314e-03,
        4.77481375e-03, 1.84997331e-02]]), array([[8.21422170e-01, 3.08568154e-01, 8.11677688e-01, 8.42181034e-01,
        2.86129626e-01, 6.88423563e-01],
       [1.05577375e-06, 6.72659946e-07, 2.55332435e-07, 8.64908557e-08,
        2.66219672e-05, 7.92566878e-09],
       [2.86001333e-06, 2.70858645e-07, 9.96800624e-06, 2.04749920e-06,
        1.04196659e-05, 9.60292902e-07],
       ...,
       [2.94405969e-04, 6.59884488e-03, 2.52766598e-04, 2.98800385e-04,
        1.39453748e-03, 1.05432470e-02],
       [1.06222989e-07, 1.90475431e-04, 5.38286621e-06, 1.50632758e-06,
        8.61194246e-06, 2.50980296e-06],
       [2.73879597e-03, 3.20870496e-02, 1.59123359e-02, 1.39115852e-03,
        1.11175208e-02, 2.64242323e-02]]), array([[8.26843962e-01, 7.34528437e-01, 7.19251024e-01, 6.46824901e-01,
        8.14251051e-01, 8.35857703e-01],
       [5.82174338e-07, 9.84964536e-06, 7.07825168e-06, 1.95637535e-06,
        1.50934980e-05, 1.04527585e-05],
       [2.68379814e-06, 2.67680816e-06, 6.27641822e-07, 3.66358926e-06,
        1.74519503e-06, 4.70309036e-06],
       ...,
       [2.92454662e-03, 2.51653026e-03, 3.41275198e-03, 1.14534022e-03,
        6.54248020e-04, 1.53925428e-03],
       [2.15511040e-06, 4.46200635e-07, 1.45092070e-05, 2.45123111e-05,
        2.45191848e-05, 1.03744874e-06],
       [1.80678665e-02, 1.28303278e-02, 3.49999097e-03, 6.02342951e-04,
        2.68712473e-03, 1.30114090e-04]]), array([[3.92483714e-02, 4.14669042e-01, 7.26821437e-01, 8.54603255e-01,
        3.44229897e-01, 8.61405558e-01],
       [1.32258512e-06, 5.17085712e-06, 6.63442820e-06, 2.34369654e-06,
        1.69946950e-05, 5.07123119e-07],
       [2.51980328e-05, 8.26914366e-06, 4.65193743e-06, 1.81289676e-06,
        4.15810371e-06, 3.74140744e-06],
       ...,
       [1.91630410e-03, 7.87741893e-03, 9.44109068e-04, 1.02417953e-03,
        3.90437388e-04, 2.54983702e-03],
       [4.69779182e-05, 1.55211464e-06, 6.05009067e-07, 1.18300375e-06,
        3.57341299e-05, 8.53138734e-06],
       [5.26473252e-03, 1.88568824e-02, 8.42745609e-03, 3.91236624e-03,
        5.85080596e-02, 4.36058279e-03]]), array([[8.70832534e-01, 7.28496768e-01, 6.44798700e-01, 7.79048749e-01,
        8.17724327e-01, 6.73669984e-01],
       [3.23591775e-06, 5.29317243e-05, 3.48030287e-06, 3.07780764e-05,
        1.75779935e-06, 1.70838108e-05],
       [1.44171202e-05, 1.38785853e-05, 1.68941675e-06, 1.94855963e-07,
        6.14242030e-07, 3.21250784e-07],
       ...,
       [4.92135731e-03, 1.91311760e-03, 1.43808689e-03, 2.44908263e-03,
        6.27788070e-04, 2.72202581e-04],
       [2.05922074e-06, 5.66025718e-06, 2.30675826e-05, 9.56410789e-06,
        1.66300356e-06, 1.00681717e-05],
       [7.57361252e-03, 4.04682912e-04, 8.84560102e-03, 5.69216123e-04,
        4.56748114e-03, 2.91634677e-02]]), array([[4.80342340e-02, 7.07784537e-01, 8.86953970e-01, 8.42279314e-01,
        1.82220595e-01, 6.19009486e-01],
       [9.75095878e-05, 1.14374485e-05, 8.00633207e-07, 2.28440139e-07,
        1.06210629e-04, 2.15670761e-05],
       [7.75105788e-05, 5.37047059e-06, 8.36352962e-06, 1.75902105e-06,
        7.58445572e-06, 2.60457324e-05],
       ...,
       [1.27655288e-03, 2.09214818e-03, 4.39754917e-03, 2.21591527e-04,
        3.73605985e-04, 4.21340291e-04],
       [9.50344847e-04, 6.74431340e-06, 1.34526159e-06, 9.33989033e-06,
        1.26194030e-05, 2.59093454e-05],
       [1.22051440e-02, 6.06572774e-03, 3.37526321e-03, 8.18809738e-03,
        6.48791826e-02, 2.27997109e-02]]), array([[8.21678660e-01, 7.37863352e-01, 8.94381287e-01, 4.91061809e-01,
        6.94602867e-01, 6.09738601e-01],
       [2.36554906e-06, 6.76565023e-08, 2.79577734e-06, 4.39221923e-05,
        2.27747598e-05, 2.09824808e-05],
       [1.36593034e-06, 1.96048153e-06, 1.30918729e-06, 1.16411770e-04,
        1.06159173e-05, 1.42434460e-06],
       ...,
       [2.31483722e-03, 3.25838631e-04, 2.69780156e-03, 2.09218993e-03,
        4.31505924e-03, 2.17792605e-03],
       [2.35777047e-06, 3.63657197e-06, 2.41544987e-06, 1.12252930e-04,
        1.56866121e-05, 7.86151705e-06],
       [2.10129144e-02, 3.89763098e-03, 1.94029714e-03, 1.15488024e-02,
        1.14872913e-02, 2.99490484e-03]])]

Nmi with generated data: [0.04219449620164485, 0.03965105960593165, 0.042420371798304, 0.04147510770656257, 0.0435566378827977, 0.04092204560146031, 0.04266632103649485, 0.04499388329721512, 0.04124620599368177, 0.04043910940747279]