Estimating the parameters from the real data (K=7) (z initialized through y and r)
==================================================

N (neurons): 805
K (states): 9
T (time steps): 10000
Seed: 12345
Number of repetitions: 10
Number of iterations: 100

Estimated parameters:
Estimated Pi: [array([0.089762  , 0.16158024, 0.03203337, 0.22075846, 0.09590327,
       0.05524844, 0.14770834, 0.09128906, 0.10571682]), array([0.10673427, 0.13979748, 0.09930889, 0.07703824, 0.02437153,
       0.15648225, 0.09405256, 0.21405869, 0.08815608]), array([0.07573187, 0.02243894, 0.1006366 , 0.08803775, 0.14684748,
       0.00331505, 0.19086922, 0.20633621, 0.16578688]), array([0.0611215 , 0.06829367, 0.15783301, 0.17610327, 0.06446949,
       0.11181556, 0.13348465, 0.16544766, 0.06143119]), array([0.13363844, 0.03918512, 0.16305563, 0.13778888, 0.16524878,
       0.00138849, 0.08805303, 0.22124987, 0.05039174]), array([0.09432052, 0.06462418, 0.15068914, 0.09457713, 0.0252103 ,
       0.0847312 , 0.05351172, 0.18580433, 0.24653148]), array([0.07681932, 0.15488436, 0.13018292, 0.13722124, 0.23021265,
       0.05981254, 0.06294739, 0.02816249, 0.11975709]), array([0.2198421 , 0.11966203, 0.15670328, 0.09494271, 0.11878355,
       0.13791988, 0.04269045, 0.01494644, 0.09450955]), array([0.08721356, 0.17356702, 0.1741448 , 0.07651779, 0.17986405,
       0.04845632, 0.04689382, 0.08553855, 0.12780409]), array([0.25030278, 0.11261631, 0.11073372, 0.062426  , 0.11301876,
       0.03949516, 0.08741542, 0.05783932, 0.16615252])]
Estimated Gamma: [array([[1.19146208e-01, 9.55408754e-02, 1.96238997e-03, 2.14296555e-01,
        2.03671263e-01, 1.01999248e-02, 8.41309860e-02, 6.88447912e-02,
        2.02207007e-01],
       [9.34153859e-02, 3.99279406e-01, 4.09356265e-03, 1.63950840e-01,
        1.12599944e-01, 5.69315091e-03, 1.29111412e-02, 1.20979137e-02,
        1.95958656e-01],
       [1.14517791e-01, 2.92861403e-01, 1.36660097e-02, 2.41777142e-01,
        5.85832306e-02, 4.26840573e-03, 6.95960972e-02, 4.47255103e-03,
        2.00257369e-01],
       [9.69977464e-02, 2.70389804e-02, 7.78676269e-03, 3.14389488e-01,
        2.98470352e-02, 7.03620746e-02, 5.46805223e-03, 1.13693562e-02,
        4.36740504e-01],
       [1.44517106e-01, 4.69789662e-02, 4.84263448e-04, 1.55428400e-01,
        3.28455493e-01, 4.86442219e-04, 2.34012523e-02, 1.31434689e-02,
        2.87104608e-01],
       [9.23613098e-02, 2.36590926e-01, 1.10651342e-02, 1.80950634e-01,
        4.94906356e-02, 2.43502260e-02, 3.07125016e-03, 3.02556785e-01,
        9.95630990e-02],
       [1.17956347e-01, 2.13316889e-01, 2.50752481e-02, 2.90597530e-01,
        5.98848015e-02, 2.32966698e-02, 2.62656703e-02, 2.03488353e-01,
        4.01184916e-02],
       [9.51155546e-02, 6.28484620e-02, 9.10870234e-03, 2.78703943e-01,
        3.15564312e-01, 6.38786516e-02, 4.43128822e-02, 5.80664073e-02,
        7.24010852e-02],
       [4.24630152e-02, 1.50227785e-01, 1.31524625e-03, 1.22106110e-01,
        1.45664120e-01, 3.42950427e-02, 5.58454056e-03, 4.93609972e-03,
        4.93408040e-01]]), array([[1.29382736e-01, 7.44041283e-02, 4.80003854e-02, 7.28879494e-02,
        5.77730164e-03, 3.79067741e-01, 7.39261537e-02, 5.20373767e-02,
        1.64516228e-01],
       [2.76747372e-01, 8.36624513e-02, 2.52216214e-02, 1.90007937e-01,
        8.93303097e-03, 1.19413569e-01, 3.96503949e-02, 2.36358542e-02,
        2.32727769e-01],
       [7.06551310e-02, 6.45839710e-03, 1.71028269e-02, 5.14971471e-02,
        3.36622325e-03, 6.59491681e-01, 1.25009079e-01, 1.28857886e-02,
        5.35337256e-02],
       [1.60712692e-02, 4.41083214e-02, 2.25507041e-02, 1.87290310e-01,
        1.52415027e-03, 5.26667372e-01, 2.75214744e-02, 1.56514904e-01,
        1.77514945e-02],
       [1.18681223e-02, 2.16229076e-02, 2.71553075e-04, 3.79212007e-02,
        1.35266162e-02, 6.38940005e-01, 2.29264328e-02, 8.45628116e-03,
        2.44466881e-01],
       [1.09572412e-01, 1.29929057e-02, 7.58312763e-02, 1.06523793e-01,
        1.60970062e-02, 4.13264085e-01, 1.12721048e-01, 5.88006934e-02,
        9.41967797e-02],
       [4.39975871e-01, 1.65163087e-02, 1.87387592e-03, 1.77073185e-02,
        1.33545960e-02, 1.25550790e-01, 8.48548850e-03, 1.10308112e-02,
        3.65504940e-01],
       [8.88685927e-02, 8.71536163e-03, 4.63867938e-02, 1.02857226e-01,
        2.97875700e-03, 2.99206135e-01, 1.14132853e-01, 3.27324865e-01,
        9.52941488e-03],
       [1.74919314e-02, 8.53439618e-03, 2.73148540e-02, 9.91484091e-02,
        1.77583874e-04, 6.10483823e-01, 9.86894936e-03, 2.13975737e-01,
        1.30043166e-02]]), array([[2.23319291e-02, 5.65942672e-04, 2.23482153e-01, 8.89559133e-02,
        1.41912355e-02, 5.25366725e-04, 1.34102944e-02, 5.90995012e-01,
        4.55421535e-02],
       [2.30203628e-02, 3.71591183e-03, 2.34889250e-01, 3.55692260e-02,
        1.59646100e-01, 1.19491758e-02, 3.65996113e-02, 2.79272407e-01,
        2.15337955e-01],
       [7.61541729e-03, 1.62674536e-02, 3.27158409e-01, 2.09286644e-01,
        1.88218528e-02, 8.31870922e-04, 1.14862736e-02, 2.27578544e-02,
        3.85774225e-01],
       [6.61142158e-02, 3.94663330e-03, 3.04881611e-01, 2.19024947e-01,
        2.11895576e-01, 9.60249634e-05, 4.04042196e-03, 5.23936896e-02,
        1.37606880e-01],
       [1.12064896e-02, 5.29900328e-03, 3.47123470e-01, 1.90283652e-01,
        1.70226981e-02, 2.16431230e-04, 1.96302392e-02, 1.61010386e-01,
        2.48207630e-01],
       [7.25491601e-02, 2.28583663e-02, 2.18099320e-01, 2.82072260e-01,
        1.29961225e-02, 5.66506539e-03, 1.61503195e-01, 1.23968250e-02,
        2.11859685e-01],
       [1.67053214e-02, 1.93330416e-03, 5.55488507e-02, 2.15790106e-01,
        1.07266830e-01, 3.02982876e-03, 5.36061561e-02, 1.00128167e-01,
        4.45991436e-01],
       [6.36431731e-02, 3.53632722e-03, 2.15957836e-01, 3.13039414e-02,
        3.04190549e-01, 6.81985437e-04, 6.25572928e-02, 1.72021593e-01,
        1.46107302e-01],
       [7.69243048e-03, 5.29055502e-03, 3.00585664e-01, 9.39986739e-02,
        1.26513124e-01, 1.74720066e-03, 7.82361616e-02, 3.14097225e-01,
        7.18389651e-02]]), array([[1.45087389e-01, 9.25095577e-02, 2.51152511e-02, 1.82323039e-01,
        2.54399850e-02, 1.03150694e-01, 2.72621952e-01, 1.31242275e-01,
        2.25098572e-02],
       [2.92046744e-01, 6.55461930e-03, 1.34017428e-02, 9.12277828e-03,
        1.86814599e-02, 9.93251090e-03, 5.76416314e-01, 3.96985384e-02,
        3.41452924e-02],
       [4.87841616e-02, 6.28026258e-02, 9.90139480e-02, 2.68374548e-02,
        3.51788492e-02, 2.66783238e-01, 3.09239164e-01, 8.12772044e-02,
        7.00833540e-02],
       [6.06528319e-03, 6.17044575e-02, 1.10769584e-01, 4.67602205e-02,
        5.75124683e-02, 7.84248458e-02, 3.76586370e-01, 2.48864550e-01,
        1.33122204e-02],
       [2.20883082e-01, 1.04809524e-01, 1.25637151e-01, 1.71536637e-01,
        4.12292579e-03, 1.00785043e-01, 6.71501963e-02, 1.65134404e-01,
        3.99410382e-02],
       [3.52967621e-02, 2.00466523e-01, 1.65765393e-02, 1.52464502e-03,
        4.05342562e-01, 8.70040857e-02, 3.90482604e-02, 1.98984977e-01,
        1.57556458e-02],
       [9.34900147e-03, 1.05216788e-01, 1.31589809e-02, 6.07871887e-02,
        1.20516689e-01, 1.33344075e-01, 2.15041404e-01, 2.94684073e-01,
        4.79018002e-02],
       [5.49833158e-02, 1.38653249e-02, 2.93805843e-01, 3.06701367e-04,
        9.03718909e-02, 2.75432059e-02, 4.16969173e-01, 6.39814571e-02,
        3.81730879e-02],
       [6.47656922e-02, 1.64769355e-01, 4.49173546e-02, 1.38958148e-02,
        1.92281706e-01, 2.36988318e-01, 1.16677172e-01, 1.38018340e-01,
        2.76862480e-02]]), array([[1.79754506e-02, 4.25933635e-02, 1.73067573e-01, 6.75817951e-02,
        4.28819043e-01, 6.68855455e-04, 2.39235616e-01, 2.92855553e-02,
        7.72747743e-04],
       [8.33074563e-02, 8.24068235e-03, 4.70551710e-02, 1.91727584e-01,
        5.06232744e-02, 9.86553464e-04, 4.53578410e-01, 1.23542627e-01,
        4.09382419e-02],
       [3.81459560e-02, 4.48659210e-02, 2.02828562e-01, 4.01516936e-02,
        1.58048840e-01, 1.67403709e-02, 1.32037857e-01, 3.63496602e-01,
        3.68419745e-03],
       [1.38355359e-01, 8.43210180e-02, 4.70584591e-01, 4.97689323e-02,
        1.55114036e-02, 6.73846655e-03, 6.73110174e-02, 1.25170436e-01,
        4.22387757e-02],
       [9.59705656e-02, 7.75109300e-02, 2.09579419e-01, 7.81853432e-02,
        4.39726778e-02, 1.12347547e-02, 5.19549278e-02, 4.17776055e-01,
        1.38153272e-02],
       [2.10074038e-02, 1.82098500e-01, 2.20454114e-01, 1.87529418e-01,
        3.11283692e-02, 4.22222662e-03, 3.28387401e-01, 1.22962576e-02,
        1.28763103e-02],
       [3.63148151e-02, 4.23079480e-02, 6.39728530e-02, 2.08988771e-02,
        3.25259995e-01, 4.96854178e-03, 2.62149188e-01, 1.39877987e-01,
        1.04249794e-01],
       [1.51148468e-01, 8.50952074e-03, 1.12615291e-01, 6.47593514e-02,
        2.38131472e-01, 1.54439193e-04, 7.01905052e-03, 4.14130303e-01,
        3.53210431e-03],
       [1.17613352e-01, 1.53207864e-02, 4.88249784e-02, 4.27314936e-03,
        2.14441826e-01, 4.50916090e-03, 2.57855325e-01, 3.32180201e-01,
        4.98122073e-03]]), array([[0.14305991, 0.18965351, 0.12788554, 0.00518386, 0.20732689,
        0.03755217, 0.01557438, 0.16522761, 0.10853612],
       [0.5114441 , 0.0901886 , 0.01629877, 0.0021441 , 0.02427376,
        0.29436408, 0.00763793, 0.01004207, 0.04360659],
       [0.15956684, 0.1941106 , 0.26902602, 0.03472318, 0.07240762,
        0.05917173, 0.0317736 , 0.09388958, 0.08533084],
       [0.22324378, 0.46530967, 0.0936557 , 0.08214483, 0.05144167,
        0.03169732, 0.00236082, 0.04391345, 0.00623276],
       [0.08926316, 0.38711243, 0.04517091, 0.005686  , 0.17051492,
        0.12074659, 0.0063872 , 0.07977359, 0.0953452 ],
       [0.09319021, 0.13016218, 0.0698071 , 0.14362033, 0.01491537,
        0.182919  , 0.06032376, 0.23807908, 0.06698297],
       [0.12110325, 0.15201478, 0.00254151, 0.00103745, 0.05238301,
        0.02133606, 0.06633242, 0.36011927, 0.22313225],
       [0.08946485, 0.17353911, 0.23019221, 0.01014362, 0.18173127,
        0.00989326, 0.02204185, 0.23627783, 0.04671601],
       [0.16942377, 0.13590506, 0.14260253, 0.05680675, 0.24495549,
        0.08383512, 0.03287311, 0.11776817, 0.01582999]]), array([[1.22308112e-02, 1.19315127e-01, 1.75991818e-03, 1.54599186e-02,
        1.98341898e-01, 3.72063627e-01, 1.25092419e-02, 9.06700501e-02,
        1.77649408e-01],
       [1.35019787e-02, 3.72015343e-01, 2.43907502e-02, 1.89813548e-02,
        6.06125138e-03, 5.30336362e-02, 4.49013620e-04, 2.17092023e-01,
        2.94474649e-01],
       [4.51586007e-03, 7.71993041e-03, 2.73386486e-01, 1.51694509e-01,
        7.74856837e-02, 2.84461190e-01, 3.17642292e-03, 1.46658086e-01,
        5.09018322e-02],
       [2.68874273e-02, 2.22850105e-01, 1.33506616e-01, 4.11759535e-03,
        1.08680500e-01, 3.97245458e-01, 2.20743913e-02, 7.03079536e-02,
        1.43299530e-02],
       [6.62861867e-02, 3.76703374e-01, 7.58329935e-02, 6.33030726e-03,
        8.76392422e-02, 7.59982671e-03, 2.02541339e-02, 1.89113218e-01,
        1.70240718e-01],
       [2.28285192e-02, 3.43680800e-01, 2.43313863e-02, 7.71420747e-02,
        7.13306728e-02, 3.92817881e-01, 2.67664685e-02, 3.57996949e-02,
        5.30250288e-03],
       [5.48025396e-02, 1.76824856e-01, 2.06362434e-02, 1.96028305e-01,
        8.44816977e-02, 6.76315950e-02, 1.21411687e-02, 5.75733457e-02,
        3.29880249e-01],
       [1.82204345e-01, 1.67987274e-02, 6.88993100e-02, 3.78587240e-02,
        2.86144414e-02, 5.13020124e-01, 7.37333053e-02, 2.18701661e-02,
        5.70008568e-02],
       [1.61222862e-02, 2.28500076e-01, 8.64188308e-03, 1.57780258e-01,
        6.95941259e-02, 3.30551624e-01, 1.34096116e-03, 7.57591217e-02,
        1.11709664e-01]]), array([[0.05554755, 0.02924477, 0.11995086, 0.35800553, 0.01819356,
        0.00115146, 0.03284907, 0.0012028 , 0.38385441],
       [0.0045101 , 0.01143993, 0.34703431, 0.09913698, 0.12050174,
        0.1874928 , 0.00516702, 0.03288752, 0.1918296 ],
       [0.09518294, 0.12977058, 0.36315923, 0.04226315, 0.03565597,
        0.14310761, 0.04795171, 0.00803728, 0.13487154],
       [0.13086413, 0.1282279 , 0.23934613, 0.11346023, 0.0033933 ,
        0.34605952, 0.03396557, 0.00336903, 0.0013142 ],
       [0.0067214 , 0.00376889, 0.77546449, 0.04276068, 0.04679129,
        0.0350817 , 0.01665638, 0.00736788, 0.0653873 ],
       [0.01574516, 0.09738869, 0.26509761, 0.03866271, 0.30480305,
        0.14138193, 0.03072481, 0.04071208, 0.06548396],
       [0.04683821, 0.01994857, 0.2911464 , 0.10713963, 0.26640731,
        0.08940821, 0.03319904, 0.01289323, 0.13301937],
       [0.1218267 , 0.03999005, 0.37417224, 0.01354073, 0.07135653,
        0.04156361, 0.00933626, 0.00407998, 0.3241339 ],
       [0.05399426, 0.01844163, 0.45997855, 0.03272922, 0.18759166,
        0.04641218, 0.02326375, 0.0119536 , 0.16563516]]), array([[9.56758286e-02, 1.92793322e-02, 1.90530561e-01, 1.60312160e-01,
        3.65636193e-01, 3.32482318e-02, 7.70714453e-03, 9.31130576e-03,
        1.18299243e-01],
       [4.74332423e-02, 1.05365301e-02, 1.64084051e-01, 2.45110081e-01,
        4.21086502e-01, 4.80324966e-03, 7.30635342e-03, 7.84098763e-05,
        9.95615806e-02],
       [5.04026975e-02, 3.48386963e-02, 4.62865525e-02, 1.51956991e-01,
        3.94063139e-01, 6.45241215e-02, 6.36152772e-02, 2.12421500e-03,
        1.92188311e-01],
       [8.30766514e-03, 1.73311557e-02, 1.38013030e-01, 3.32472198e-01,
        4.84951728e-01, 1.70676948e-03, 2.97017583e-03, 4.06973274e-03,
        1.01775456e-02],
       [8.02076293e-02, 3.66663367e-02, 1.91820981e-01, 7.12773439e-02,
        4.91745816e-01, 4.77223654e-02, 1.20681070e-02, 4.47669708e-03,
        6.40147238e-02],
       [9.05799917e-02, 3.21432041e-02, 5.77806256e-02, 1.04100659e-01,
        6.04832830e-01, 1.15267621e-02, 1.92420420e-02, 1.21180716e-02,
        6.76758143e-02],
       [3.79154936e-03, 6.86798742e-02, 1.42997598e-01, 9.39075585e-02,
        4.54076001e-01, 4.56783788e-02, 6.63202982e-02, 1.44942844e-03,
        1.23099313e-01],
       [4.97023765e-03, 5.19357995e-03, 1.06107859e-01, 3.78145044e-01,
        3.84674545e-01, 6.40825656e-02, 1.83127564e-02, 1.04829317e-02,
        2.80304809e-02],
       [5.46479367e-02, 6.77958058e-02, 1.93922249e-01, 2.16870690e-02,
        5.51354721e-01, 7.52135842e-02, 7.39844450e-03, 5.93219103e-03,
        2.20479990e-02]]), array([[3.79494585e-02, 1.56285530e-01, 4.49101399e-02, 1.11610398e-02,
        9.26412785e-02, 1.33626589e-01, 4.77687772e-02, 4.49160114e-01,
        2.64970731e-02],
       [9.11327848e-02, 2.43433937e-01, 1.20836197e-01, 1.51519185e-02,
        1.55360566e-02, 2.51988775e-02, 2.13157873e-01, 1.61129233e-01,
        1.14423123e-01],
       [1.46768184e-01, 2.14208899e-01, 3.15001902e-02, 2.33588426e-01,
        2.15554864e-03, 1.04999092e-01, 3.78012905e-02, 2.15225098e-01,
        1.37532707e-02],
       [1.21708437e-01, 2.19948989e-01, 6.03152161e-03, 1.09507461e-01,
        4.33197441e-02, 1.35143221e-02, 1.02540520e-01, 3.51892329e-01,
        3.15366764e-02],
       [4.20773520e-02, 2.31506632e-01, 2.12371761e-02, 1.32366438e-03,
        4.64562336e-02, 2.38292561e-03, 3.53958793e-03, 6.01681630e-01,
        4.97947983e-02],
       [2.47948356e-01, 1.16302325e-01, 1.29174190e-02, 1.91900174e-02,
        5.45126749e-04, 9.68950005e-02, 3.06892359e-02, 4.48384737e-01,
        2.71277818e-02],
       [2.54697321e-01, 2.60719464e-01, 1.01768058e-01, 1.25519526e-01,
        7.87271178e-02, 6.53415496e-04, 2.59877868e-02, 1.21370801e-01,
        3.05565092e-02],
       [1.66990380e-01, 4.65148251e-01, 6.27690761e-02, 1.20461334e-01,
        5.06778725e-02, 1.43351301e-02, 2.73396526e-03, 8.51741975e-02,
        3.17097941e-02],
       [1.59667955e-02, 4.54978932e-01, 2.86910738e-02, 1.23671156e-01,
        4.33882769e-02, 1.89871482e-01, 9.18599876e-04, 1.19552804e-01,
        2.29608796e-02]])]
Estimated R: [array([[6.84243085e-01, 8.13934788e-01, 1.63410601e-01, ...,
        7.95571785e-01, 5.90936116e-01, 8.24640007e-01],
       [1.83065619e-05, 4.60605921e-06, 2.71084021e-04, ...,
        9.58625150e-06, 1.69533150e-04, 8.12077899e-07],
       [1.44115473e-05, 2.26577766e-06, 1.48796424e-04, ...,
        4.72437908e-05, 6.61724097e-08, 4.91275324e-07],
       ...,
       [7.21249814e-04, 3.17920871e-03, 4.39269063e-03, ...,
        4.50197232e-03, 1.65624598e-03, 2.82540870e-03],
       [7.32845735e-06, 7.30117300e-06, 2.44891143e-04, ...,
        2.38442183e-05, 8.65824199e-06, 4.05497309e-07],
       [3.46619145e-03, 4.26358289e-03, 5.42456195e-03, ...,
        3.38792312e-03, 1.61882028e-03, 1.38342956e-02]]), array([[7.83125100e-01, 5.31326310e-01, 3.17902424e-01, ...,
        7.33337098e-01, 7.27477182e-01, 7.45114954e-01],
       [3.98184947e-06, 2.76775483e-05, 1.16373753e-05, ...,
        1.47040171e-05, 1.56183936e-05, 6.31328406e-06],
       [1.99969947e-06, 3.32616592e-05, 3.85179964e-06, ...,
        1.18312356e-05, 6.16105325e-06, 3.17686169e-06],
       ...,
       [5.09691808e-04, 8.14293090e-04, 4.20408889e-03, ...,
        5.39476826e-03, 1.56423011e-03, 8.26859854e-04],
       [8.80109510e-06, 6.47523308e-06, 6.49066051e-06, ...,
        5.01198302e-06, 1.87961883e-06, 2.43748430e-05],
       [7.50039652e-03, 1.53833578e-03, 3.12403454e-02, ...,
        6.81445663e-03, 2.02498617e-02, 4.99252251e-03]]), array([[3.48008872e-01, 1.63851774e-01, 8.86995535e-01, ...,
        5.45242730e-01, 8.00298640e-01, 8.32771261e-01],
       [1.50126732e-04, 1.58524956e-04, 5.60031290e-06, ...,
        3.81732845e-05, 3.99040870e-06, 4.56432298e-07],
       [1.66104075e-05, 1.05480215e-04, 2.52367040e-06, ...,
        2.61387450e-05, 1.18671123e-06, 2.94932492e-06],
       ...,
       [6.93379646e-03, 2.89486888e-03, 1.06763977e-03, ...,
        6.13931089e-04, 5.25801508e-03, 1.39226741e-03],
       [1.75756486e-05, 8.79171611e-05, 2.18485855e-06, ...,
        8.13062399e-05, 1.63588023e-05, 1.22631584e-06],
       [6.28907187e-03, 4.19858461e-02, 2.67002782e-03, ...,
        8.01915534e-03, 7.65872531e-03, 3.44050138e-03]]), array([[6.63225103e-01, 7.72449055e-01, 7.37990837e-01, ...,
        8.40527630e-01, 7.91804912e-01, 6.14720810e-01],
       [2.02691984e-06, 6.93715464e-07, 1.65508633e-05, ...,
        1.30179151e-06, 2.75550726e-06, 4.12197055e-06],
       [1.66189351e-05, 3.60972167e-06, 9.80587389e-06, ...,
        1.37723055e-05, 1.73261216e-06, 2.60028036e-05],
       ...,
       [2.20755344e-03, 2.21573981e-03, 2.88749473e-03, ...,
        9.71917882e-04, 1.22470855e-03, 3.00302783e-03],
       [3.32262129e-06, 1.16746846e-05, 5.25835249e-07, ...,
        2.43714917e-06, 6.40692569e-06, 2.48006490e-05],
       [1.65308638e-02, 9.73910646e-03, 1.04640646e-02, ...,
        4.26789172e-03, 1.56700544e-03, 7.64854996e-03]]), array([[6.93539810e-01, 4.69814553e-01, 7.61972481e-01, ...,
        8.15838855e-01, 8.38414286e-01, 3.44960610e-01],
       [5.96951903e-06, 4.92661952e-06, 1.08224328e-06, ...,
        2.85732263e-05, 7.30515978e-06, 1.13028070e-05],
       [4.68179829e-06, 2.01173725e-05, 2.97245212e-06, ...,
        2.10061022e-05, 1.07144535e-05, 1.36263564e-05],
       ...,
       [1.86707211e-03, 1.05768110e-02, 3.81271213e-03, ...,
        9.39796145e-04, 1.20774889e-03, 5.55002901e-03],
       [3.32201168e-06, 5.89530641e-05, 1.74617974e-05, ...,
        1.74127631e-06, 1.87788409e-06, 9.95024451e-05],
       [4.23165829e-03, 2.52175540e-02, 1.73974663e-02, ...,
        3.98839776e-03, 2.99509895e-03, 8.36423958e-03]]), array([[6.66332280e-01, 8.75104997e-01, 7.58022757e-01, ...,
        5.65371847e-01, 9.23325679e-01, 7.09238554e-01],
       [2.83441439e-06, 1.92992401e-06, 6.56004931e-06, ...,
        1.91128710e-05, 1.51471502e-06, 1.81165562e-05],
       [5.75360065e-06, 1.95164669e-06, 5.17573803e-07, ...,
        7.11820487e-06, 1.54740665e-06, 6.79572256e-06],
       ...,
       [2.04090078e-03, 1.26429453e-04, 4.31385253e-03, ...,
        9.72526322e-03, 6.80193040e-04, 2.69098266e-03],
       [8.05281363e-06, 6.88105848e-06, 1.98655608e-06, ...,
        7.17053882e-06, 5.63231031e-06, 6.85875161e-06],
       [1.34187295e-02, 8.49959738e-03, 8.41538805e-03, ...,
        8.65805384e-02, 5.97531628e-04, 5.26236603e-03]]), array([[6.51974086e-01, 7.79834836e-01, 7.17119260e-01, ...,
        3.81462276e-01, 7.60278527e-01, 8.88689435e-01],
       [2.88934386e-06, 1.63704643e-06, 2.57185198e-05, ...,
        4.98534589e-05, 2.34006291e-05, 1.37738574e-06],
       [3.93686031e-05, 7.17325136e-06, 1.37267716e-05, ...,
        4.34317847e-05, 1.67642730e-05, 7.59162276e-06],
       ...,
       [4.34825624e-04, 8.90135141e-04, 7.47486252e-04, ...,
        1.09556904e-02, 5.43830928e-04, 5.88578158e-04],
       [2.02109528e-05, 1.92994441e-06, 2.03496983e-05, ...,
        9.54359758e-07, 7.74111382e-07, 7.51589795e-06],
       [4.40244118e-03, 1.49977504e-02, 9.15244154e-04, ...,
        8.96356246e-03, 1.44395608e-02, 4.78095999e-03]]), array([[7.33944106e-01, 7.17377206e-01, 8.82152637e-01, ...,
        4.67865820e-01, 5.58622875e-02, 7.68414083e-01],
       [1.66782534e-06, 2.48917463e-05, 1.27224013e-06, ...,
        2.12559635e-05, 8.73318633e-05, 5.37704183e-06],
       [5.77735115e-05, 4.61722142e-06, 2.59443833e-07, ...,
        1.75384025e-05, 3.01304803e-05, 7.48733132e-05],
       ...,
       [1.69075736e-03, 1.85381924e-02, 8.66685097e-05, ...,
        2.11369509e-03, 6.44927585e-04, 2.07597529e-03],
       [6.87144408e-06, 1.92355912e-05, 6.34954324e-06, ...,
        2.49505659e-05, 1.92654527e-05, 4.10252100e-07],
       [6.58025753e-03, 1.78280734e-02, 5.17115297e-03, ...,
        3.34043949e-03, 7.87573203e-02, 2.20121796e-03]]), array([[4.98981897e-01, 5.49266893e-01, 7.53619311e-01, ...,
        3.49381307e-01, 3.05301110e-01, 7.77900148e-01],
       [9.79090626e-06, 2.41009227e-06, 1.63866081e-06, ...,
        1.67293444e-04, 4.89583435e-04, 1.27410734e-05],
       [3.09039724e-05, 1.20923967e-05, 9.24797947e-06, ...,
        4.04972626e-05, 1.05967950e-04, 1.86492275e-05],
       ...,
       [1.15355317e-03, 1.59547335e-03, 1.01283046e-03, ...,
        7.39281704e-03, 3.56440523e-02, 5.17555896e-03],
       [4.30792528e-05, 6.81601702e-05, 4.00319850e-06, ...,
        2.69992239e-05, 9.10235684e-05, 6.50411593e-06],
       [4.14709273e-02, 2.74750318e-02, 8.57453212e-03, ...,
        9.77040412e-03, 2.42049817e-02, 1.16187165e-02]]), array([[7.69754086e-01, 8.76463299e-01, 5.10662129e-01, ...,
        5.68233080e-01, 8.82977309e-01, 6.74138980e-01],
       [3.18422568e-05, 5.43385051e-07, 1.71076425e-06, ...,
        4.13096309e-06, 9.05792414e-07, 6.15288066e-05],
       [1.18073551e-06, 4.13041613e-06, 1.72253260e-06, ...,
        4.88484479e-05, 5.69978925e-06, 2.48894952e-05],
       ...,
       [8.35592091e-04, 6.99639585e-04, 5.41580995e-03, ...,
        4.04304457e-03, 8.43066955e-05, 2.76357116e-03],
       [7.91584280e-06, 2.31963192e-06, 4.06729809e-05, ...,
        1.07580925e-05, 1.62170818e-06, 4.79739298e-06],
       [7.38564579e-03, 1.08144670e-02, 2.64614559e-04, ...,
        2.79267768e-02, 2.26158986e-03, 3.57647774e-04]])]

Nmi with generated data: [0.044183292720727546, 0.04447933781690382, 0.04020658599742598, 0.04479349091767891, 0.039186943159900386, 0.04108613580291447, 0.0428532004931165, 0.04189533497864839, 0.04167538621764144, 0.04435771402626488]