Complexity increased keeping gamma very unbalanced, and increasing K (K=7)
==================================================

N (neurons): 3
K (states): 7
T (time steps): 50000
Seed: None
Number of repetitions: 10

Initialization of parameters for HMM:
Pi: [1 0 0 0 0 0 0]
Gamma: [[0.7  0.05 0.05 0.05 0.05 0.05 0.05]
 [0.05 0.7  0.05 0.05 0.05 0.05 0.05]
 [0.05 0.05 0.7  0.05 0.05 0.05 0.05]
 [0.05 0.05 0.05 0.7  0.05 0.05 0.05]
 [0.05 0.05 0.05 0.05 0.7  0.05 0.05]
 [0.05 0.05 0.05 0.05 0.05 0.7  0.05]
 [0.05 0.05 0.05 0.05 0.05 0.05 0.7 ]]
R: [[0.5        0.         0.5        0.         0.33333333 0.33333333
  0.33333333]
 [0.         0.5        0.5        0.         0.         0.33333333
  0.33333333]
 [0.5        0.         0.         0.5        0.33333333 0.
  0.33333333]
 [0.         0.5        0.         0.5        0.33333333 0.33333333
  0.        ]]

Generated data:
Generated firings (y): [2 0 2 0 2 2 0 2 0 1 1 0 2 3 3 2 2 1 1 0 0 0 1 0 0 2 0 1 3 1 0 0 1 2 0 0 3
 3 1 3 3 3 1 2 2 3 1 0 2 0 2 2 2 3 3 1 1 1 0 0 1 1 0 1 0 1 0 0 0 3 1 2 3 2
 2 2 3 1 1 1 1 1 0 0 1 1 3 2 2 2 2 3 2 2 0 0 2 0 3 0]... (showing first 100 entries)
Generated states (z): [0 0 0 0 0 0 4 4 2 6 6 2 3 3 3 3 0 2 2 2 2 2 6 2 6 6 6 5 5 5 2 2 1 4 4 4 1
 1 1 1 1 1 1 3 3 3 5 5 6 6 3 3 3 3 3 2 2 2 2 2 2 2 2 2 2 2 2 2 2 1 6 4 4 4
 4 0 5 5 2 2 2 2 2 5 1 1 3 3 3 3 3 3 3 0 0 0 0 0 4 4]... (showing first 100 entries)

Estimated parameters:
Estimated Pi: [array([0.20264149, 0.14949601, 0.0235667 , 0.2545672 , 0.04870783,
       0.18272025, 0.13830052]), array([0.17496645, 0.01072247, 0.00888263, 0.05775068, 0.28403487,
       0.15893551, 0.30470739]), array([0.07042713, 0.31329506, 0.22998283, 0.03001864, 0.21626333,
       0.04019261, 0.0998204 ]), array([0.29939977, 0.02622601, 0.10664559, 0.19965867, 0.10687652,
       0.06539842, 0.19579502]), array([0.12536501, 0.20366653, 0.16006051, 0.15267132, 0.32522514,
       0.02067409, 0.01233741]), array([0.20419729, 0.18987614, 0.00375181, 0.05199724, 0.23053502,
       0.09294767, 0.22669483]), array([0.00109376, 0.03409895, 0.47772811, 0.04909806, 0.09993357,
       0.09736882, 0.24067873]), array([0.08613109, 0.23913743, 0.0822678 , 0.30462156, 0.22360064,
       0.03717539, 0.0270661 ]), array([0.20486004, 0.03467532, 0.32422682, 0.12173721, 0.01533098,
       0.13770732, 0.16146232]), array([0.21477631, 0.08834177, 0.05219002, 0.18957035, 0.1447418 ,
       0.24721874, 0.063161  ])]
Estimated Gamma: [array([[0.34246199, 0.01600842, 0.07944151, 0.0399898 , 0.08766581,
        0.28091515, 0.15351731],
       [0.29369499, 0.24063451, 0.11262032, 0.02465007, 0.06935656,
        0.15569192, 0.10335164],
       [0.05615626, 0.05004841, 0.55153873, 0.02530166, 0.14017837,
        0.07023581, 0.10654077],
       [0.45934884, 0.02841006, 0.08583942, 0.06923567, 0.1462536 ,
        0.20487909, 0.00603332],
       [0.07358074, 0.02677925, 0.24775756, 0.12015259, 0.08289605,
        0.0593829 , 0.38945091],
       [0.14161483, 0.23169746, 0.04150499, 0.00201904, 0.27272602,
        0.13704126, 0.1733964 ],
       [0.12179644, 0.14917765, 0.03322198, 0.15703765, 0.11028843,
        0.12705352, 0.30142433]]), array([[0.09031614, 0.19893018, 0.27525334, 0.10877667, 0.16006077,
        0.0669769 , 0.09968599],
       [0.02088584, 0.20573364, 0.02507338, 0.26166295, 0.12963751,
        0.27741088, 0.07959579],
       [0.12502961, 0.0768681 , 0.36464004, 0.16645341, 0.01143279,
        0.08852304, 0.16705301],
       [0.04971965, 0.15441297, 0.11521113, 0.24135092, 0.04383231,
        0.26524537, 0.13022765],
       [0.01648608, 0.10299444, 0.02284644, 0.06913836, 0.45656743,
        0.17304999, 0.15891725],
       [0.05107685, 0.31447034, 0.04758873, 0.196192  , 0.16268939,
        0.02063248, 0.20735022],
       [0.12666309, 0.06506254, 0.23283027, 0.28162767, 0.00562415,
        0.15195083, 0.13624145]]), array([[0.15400437, 0.18282222, 0.12978991, 0.26060029, 0.1061104 ,
        0.13334037, 0.03333245],
       [0.34885589, 0.32892903, 0.18537388, 0.03306785, 0.03809464,
        0.02880099, 0.03687771],
       [0.05438522, 0.33754062, 0.09215103, 0.08968635, 0.04999373,
        0.028556  , 0.34768705],
       [0.51748601, 0.03973657, 0.08205088, 0.09738905, 0.07710705,
        0.03354555, 0.15268488],
       [0.24475385, 0.07037092, 0.06955829, 0.03821995, 0.21458934,
        0.04319418, 0.31931346],
       [0.03901567, 0.02051778, 0.06550814, 0.12536331, 0.15736161,
        0.40704198, 0.18519151],
       [0.22419623, 0.14155859, 0.10307128, 0.01584591, 0.17878267,
        0.11904901, 0.21749631]]), array([[0.00722027, 0.01170846, 0.29249344, 0.08045719, 0.15002834,
        0.34839424, 0.10969806],
       [0.03414776, 0.22858472, 0.38185721, 0.02067497, 0.00423407,
        0.18669495, 0.14380632],
       [0.1053668 , 0.07614144, 0.22454244, 0.16850949, 0.05349725,
        0.1896166 , 0.18232598],
       [0.05801295, 0.12412608, 0.0478692 , 0.10291216, 0.35204045,
        0.26763972, 0.04739944],
       [0.12120699, 0.08993673, 0.09130539, 0.08949814, 0.29104515,
        0.19847633, 0.11853127],
       [0.06977277, 0.08746309, 0.10951972, 0.25990394, 0.03272746,
        0.29341978, 0.14719325],
       [0.02083985, 0.05003621, 0.03658738, 0.38057485, 0.17903314,
        0.29790818, 0.03502039]]), array([[0.15877264, 0.11574595, 0.17589195, 0.12952136, 0.20657966,
        0.15732451, 0.05616393],
       [0.07712272, 0.06832117, 0.11942846, 0.34584924, 0.00776494,
        0.20999323, 0.17152024],
       [0.07976188, 0.36933266, 0.28903136, 0.01555899, 0.08330647,
        0.15561212, 0.00739651],
       [0.25804396, 0.10514432, 0.01988442, 0.37646905, 0.02521239,
        0.13007674, 0.08516911],
       [0.1776375 , 0.01983499, 0.01057124, 0.09815143, 0.34401866,
        0.23118809, 0.1185981 ],
       [0.10382522, 0.35718931, 0.25818286, 0.07861254, 0.08421228,
        0.05196103, 0.06601677],
       [0.10871998, 0.19293258, 0.04694168, 0.02274364, 0.27474372,
        0.23828396, 0.11563444]]), array([[0.04158205, 0.10821852, 0.17680608, 0.03897811, 0.34051099,
        0.24976681, 0.04413742],
       [0.17348833, 0.1366795 , 0.02320606, 0.08087482, 0.31287196,
        0.0381447 , 0.23473463],
       [0.0023483 , 0.00172954, 0.29000228, 0.22256229, 0.05300266,
        0.06881292, 0.36154201],
       [0.05412944, 0.1519704 , 0.01674723, 0.21645311, 0.29833222,
        0.07633622, 0.18603139],
       [0.19393731, 0.3212906 , 0.02984065, 0.19332553, 0.07243207,
        0.18455807, 0.00461578],
       [0.36166422, 0.20555922, 0.0706974 , 0.16745118, 0.01960944,
        0.08430782, 0.09071073],
       [0.20448819, 0.08506056, 0.18755265, 0.06020655, 0.23017418,
        0.04504177, 0.18747611]]), array([[0.48936272, 0.13065375, 0.03660136, 0.01749401, 0.07388206,
        0.15185861, 0.10014749],
       [0.07798865, 0.32707162, 0.08239883, 0.00353211, 0.18903387,
        0.27723472, 0.0427402 ],
       [0.00673236, 0.02941352, 0.50096125, 0.12230464, 0.1577613 ,
        0.02054432, 0.16228262],
       [0.1320494 , 0.1110998 , 0.11376798, 0.34024834, 0.03142096,
        0.18342465, 0.08798888],
       [0.07452373, 0.04053334, 0.10163103, 0.05082961, 0.49469047,
        0.02592663, 0.21186519],
       [0.17379125, 0.13678332, 0.1593682 , 0.11245536, 0.02116172,
        0.19282255, 0.20361759],
       [0.15260844, 0.15300481, 0.08690867, 0.09137429, 0.27443949,
        0.09393805, 0.14772624]]), array([[0.39655352, 0.00392179, 0.2661263 , 0.05035723, 0.12764268,
        0.04764811, 0.10775037],
       [0.17016303, 0.50241065, 0.0264008 , 0.11955481, 0.01514304,
        0.03440728, 0.13192039],
       [0.01518874, 0.1376582 , 0.20937976, 0.03807498, 0.0950232 ,
        0.10274381, 0.40193131],
       [0.06829325, 0.02984905, 0.06456376, 0.38136848, 0.42543591,
        0.02852118, 0.00196836],
       [0.11831057, 0.1133706 , 0.04733143, 0.45023349, 0.21739518,
        0.01154907, 0.04180966],
       [0.04149008, 0.37737888, 0.07758777, 0.21193503, 0.07867249,
        0.05767781, 0.15525794],
       [0.07296945, 0.13763307, 0.21718449, 0.00425423, 0.08856763,
        0.00863991, 0.47075123]]), array([[0.12153969, 0.32456998, 0.16044892, 0.03576903, 0.05478188,
        0.25100026, 0.05189023],
       [0.03480546, 0.45927976, 0.11985539, 0.09502469, 0.06741029,
        0.0520389 , 0.17158551],
       [0.19162992, 0.19356596, 0.19003024, 0.05344038, 0.07155008,
        0.27690418, 0.02287924],
       [0.44901978, 0.0236229 , 0.07095756, 0.08925483, 0.19390626,
        0.11589423, 0.05734444],
       [0.39046313, 0.18691082, 0.01476571, 0.21160659, 0.0021915 ,
        0.01014331, 0.18391894],
       [0.23043914, 0.04830614, 0.2268531 , 0.0171344 , 0.20489563,
        0.20476001, 0.06761158],
       [0.26950247, 0.14274742, 0.23906429, 0.09492538, 0.06715851,
        0.03483583, 0.15176609]]), array([[0.19852815, 0.03514558, 0.02702462, 0.23571659, 0.28388441,
        0.19919436, 0.02050629],
       [0.03357716, 0.09397832, 0.26025248, 0.09963064, 0.349118  ,
        0.11063064, 0.05281277],
       [0.01411368, 0.15616049, 0.50443101, 0.10592738, 0.02386525,
        0.00731144, 0.18819074],
       [0.12103215, 0.08694733, 0.21523256, 0.20068447, 0.06002399,
        0.07319101, 0.24288849],
       [0.14569564, 0.30455338, 0.12963836, 0.09710888, 0.05409913,
        0.14782704, 0.12107757],
       [0.17758589, 0.00282743, 0.02616808, 0.16436075, 0.17336446,
        0.30419497, 0.15149842],
       [0.12082135, 0.04123858, 0.19170602, 0.22661456, 0.15983928,
        0.11834256, 0.14143766]])]
Estimated R: [array([[0.22537566, 0.00925215, 0.29973308, 0.10736051, 0.6591028 ,
        0.18388353, 0.36216985],
       [0.21193671, 0.0722868 , 0.49086143, 0.29964654, 0.10816913,
        0.22632528, 0.19615419],
       [0.17187224, 0.3672155 , 0.00367306, 0.52039059, 0.12160134,
        0.44583635, 0.2549805 ],
       [0.39081539, 0.55124555, 0.20573243, 0.07260236, 0.11112673,
        0.14395483, 0.18669546]]), array([[0.80858021, 0.22845878, 0.74932113, 0.0048964 , 0.3468341 ,
        0.11500206, 0.18221207],
       [0.01048107, 0.2328039 , 0.16229262, 0.44426082, 0.13983667,
        0.13451033, 0.32734007],
       [0.10319927, 0.03475494, 0.05865532, 0.26697573, 0.39897978,
        0.31713987, 0.41832407],
       [0.07773946, 0.50398238, 0.02973092, 0.28386705, 0.11434945,
        0.43334774, 0.0721238 ]]), array([[0.38551459, 0.32607791, 0.10727003, 0.23041684, 0.51612359,
        0.15406068, 0.18287038],
       [0.31957301, 0.05039614, 0.21099024, 0.67953318, 0.05251424,
        0.03038092, 0.32366201],
       [0.04276602, 0.49032364, 0.51448377, 0.01693236, 0.3159357 ,
        0.01487597, 0.274699  ],
       [0.25214638, 0.1332023 , 0.16725595, 0.07311762, 0.11542646,
        0.80068243, 0.21876861]]), array([[0.24689679, 0.35299363, 0.19313401, 0.09256719, 0.38122785,
        0.33567335, 0.41030518],
       [0.21859633, 0.07752974, 0.31469297, 0.37281696, 0.01984997,
        0.29620456, 0.23388545],
       [0.36952431, 0.02937969, 0.18746098, 0.28954513, 0.16278207,
        0.30707456, 0.25303817],
       [0.16498257, 0.54009694, 0.30471204, 0.24507071, 0.43614011,
        0.06104753, 0.1027712 ]]), array([[0.12417987, 0.28659644, 0.45710629, 0.03817004, 0.03428702,
        0.53270522, 0.65434861],
       [0.10617425, 0.36955734, 0.31816742, 0.28906648, 0.11155853,
        0.27083021, 0.07554689],
       [0.22489981, 0.2017756 , 0.15764498, 0.31992169, 0.64116716,
        0.04709561, 0.03427643],
       [0.54474607, 0.14207061, 0.06708131, 0.35284179, 0.21298729,
        0.14936895, 0.23582807]]), array([[0.15474365, 0.07524398, 0.77246517, 0.66142882, 0.23934642,
        0.22373466, 0.04954017],
       [0.43289097, 0.08828532, 0.19027974, 0.06928792, 0.27147573,
        0.20723771, 0.36550032],
       [0.21689356, 0.28677717, 0.00860759, 0.24394309, 0.24037116,
        0.10360969, 0.45002588],
       [0.19547181, 0.54969353, 0.0286475 , 0.02534018, 0.24880669,
        0.46541794, 0.13493363]]), array([[0.14596983, 0.07344489, 0.41305445, 0.0606942 , 0.60886233,
        0.07309463, 0.31858563],
       [0.41663053, 0.10429023, 0.0668513 , 0.09028932, 0.30753043,
        0.35715763, 0.22725135],
       [0.02758362, 0.28090021, 0.50758643, 0.24078149, 0.05353127,
        0.32583279, 0.31330223],
       [0.40981602, 0.54136467, 0.01250782, 0.608235  , 0.03007597,
        0.24391496, 0.14086079]]), array([[0.51332619, 0.48931244, 0.30350746, 0.18109118, 0.03335438,
        0.36241721, 0.24212627],
       [0.39654301, 0.07785069, 0.19665799, 0.03710336, 0.09018615,
        0.44443221, 0.57564789],
       [0.02483252, 0.32331933, 0.10924912, 0.41217018, 0.47196123,
        0.07042564, 0.04323184],
       [0.06529828, 0.10951754, 0.39058543, 0.36963528, 0.40449823,
        0.12272494, 0.138994  ]]), array([[0.23357896, 0.1958064 , 0.33936672, 0.16389182, 0.50223523,
        0.41451072, 0.21861444],
       [0.18382938, 0.34264254, 0.09065409, 0.41836005, 0.04911571,
        0.0472497 , 0.60766471],
       [0.2493672 , 0.1228196 , 0.56575736, 0.27470753, 0.04512448,
        0.21658175, 0.14977027],
       [0.33322446, 0.33873146, 0.00422183, 0.14304059, 0.40352458,
        0.32165782, 0.02395058]]), array([[1.39045465e-01, 8.82691754e-01, 4.54395871e-02, 1.43509137e-01,
        5.45108829e-01, 2.92768035e-01, 2.13406737e-01],
       [2.59555341e-01, 2.43795626e-02, 7.04753955e-01, 3.77356214e-02,
        2.15227940e-01, 8.03728390e-04, 7.03267720e-02],
       [2.24653932e-01, 8.31635709e-02, 1.22422193e-01, 1.14851072e-01,
        2.21234991e-01, 6.95323343e-01, 3.03789646e-01],
       [3.76745263e-01, 9.76511238e-03, 1.27384265e-01, 7.03904170e-01,
        1.84282390e-02, 1.11048938e-02, 4.12476846e-01]])]

