Estimating the parameters from the real data (K=2) (z initialized through y and r)
==================================================

N (neurons): 805
K (states): 4
T (time steps): 10000
Seed: 12345
Number of repetitions: 10
Number of iterations: 100

Estimated parameters:
Estimated Pi: [array([0.24813992, 0.17623485, 0.30393212, 0.27169311]), array([0.18090931, 0.24734817, 0.24236383, 0.32937869]), array([0.23770903, 0.25145713, 0.37093613, 0.13989771]), array([0.35525737, 0.3400937 , 0.25397396, 0.05067497]), array([0.26574034, 0.09181534, 0.23824999, 0.40419433]), array([0.2900618 , 0.13958008, 0.29889018, 0.27146794]), array([0.16129875, 0.37423363, 0.14789993, 0.31656769]), array([0.15640471, 0.21578531, 0.2520953 , 0.37571468]), array([0.29037774, 0.19870791, 0.21625616, 0.29465819]), array([0.24903921, 0.2096342 , 0.20637585, 0.33495073])]
Estimated Gamma: [array([[0.23959724, 0.08432627, 0.35215757, 0.32391892],
       [0.48553314, 0.01925341, 0.03246131, 0.46275214],
       [0.57563355, 0.13726623, 0.02543696, 0.26166326],
       [0.76061987, 0.0153532 , 0.08722682, 0.13680011]]), array([[0.31551205, 0.22986392, 0.00415871, 0.45046532],
       [0.20037104, 0.72638025, 0.0608244 , 0.01242432],
       [0.39705366, 0.52347564, 0.00712731, 0.07234339],
       [0.0041663 , 0.78126698, 0.03746921, 0.17709752]]), array([[0.39962522, 0.31204777, 0.21491355, 0.07341346],
       [0.47396936, 0.13419851, 0.34512637, 0.04670575],
       [0.09924003, 0.20641346, 0.67837868, 0.01596783],
       [0.22968807, 0.30019544, 0.45077508, 0.01934141]]), array([[0.51661321, 0.11894521, 0.33012237, 0.03431921],
       [0.54498986, 0.42532572, 0.00510061, 0.02458381],
       [0.29962738, 0.54281098, 0.13590207, 0.02165957],
       [0.66167211, 0.19348015, 0.13666761, 0.00818013]]), array([[0.4902311 , 0.03150464, 0.20001875, 0.27824552],
       [0.29191936, 0.00290387, 0.25529604, 0.44988073],
       [0.37659461, 0.08212328, 0.20363222, 0.33764989],
       [0.23593237, 0.05639825, 0.37398051, 0.33368888]]), array([[2.31048808e-01, 2.88393715e-01, 4.59846649e-01, 2.07108277e-02],
       [2.22669193e-01, 1.18873770e-01, 5.81990144e-01, 7.64668928e-02],
       [2.55360221e-01, 1.87650477e-01, 5.56450154e-01, 5.39148009e-04],
       [3.51623674e-01, 2.34276928e-01, 4.07981079e-01, 6.11831856e-03]]), array([[0.05855022, 0.77716623, 0.01473297, 0.14955058],
       [0.07542231, 0.26958222, 0.06282866, 0.59216681],
       [0.11264765, 0.58960222, 0.01611014, 0.28163999],
       [0.00420709, 0.25719199, 0.14424597, 0.59435496]]), array([[0.62810677, 0.0118245 , 0.11061519, 0.24945354],
       [0.15359693, 0.08191991, 0.42685137, 0.33763179],
       [0.60158486, 0.24549483, 0.10516874, 0.04775157],
       [0.21315391, 0.02304519, 0.7245568 , 0.0392441 ]]), array([[0.47178232, 0.0769378 , 0.21353534, 0.23774454],
       [0.13270434, 0.22245801, 0.14879336, 0.49604429],
       [0.01984617, 0.05925347, 0.06025381, 0.86064655],
       [0.29631269, 0.02307443, 0.18464317, 0.49596971]]), array([[3.52743488e-04, 3.50692098e-02, 3.75723256e-01, 5.88854791e-01],
       [2.27089495e-01, 8.97266362e-03, 2.85871018e-01, 4.78066823e-01],
       [2.80994978e-01, 1.57086176e-01, 1.71038367e-01, 3.90880479e-01],
       [1.39985141e-03, 1.46057729e-01, 6.02428757e-01, 2.50113662e-01]])]
Estimated R: [array([[8.32788346e-01, 4.82028498e-01, 7.30947262e-01, 8.16234861e-01],
       [2.32322905e-06, 6.43224473e-06, 1.07772058e-05, 2.12459761e-07],
       [8.85548289e-08, 1.03670853e-06, 4.11732195e-06, 2.03925196e-06],
       ...,
       [2.85809649e-03, 4.89628324e-03, 7.10892558e-05, 2.04612854e-03],
       [9.45235574e-07, 1.63149531e-06, 8.71599298e-06, 1.03805762e-06],
       [2.37981116e-03, 1.03652051e-02, 1.23357063e-02, 1.58468723e-02]]), array([[6.85467701e-01, 8.44261435e-01, 5.57740721e-01, 7.16656428e-01],
       [2.98643095e-06, 3.04552849e-06, 4.82601147e-05, 1.14077470e-06],
       [1.26731569e-05, 3.52118408e-06, 8.78613800e-06, 1.11996045e-05],
       ...,
       [1.65634323e-03, 2.57602550e-03, 4.56930389e-03, 5.04125588e-04],
       [6.21747259e-06, 2.86831482e-06, 9.74742576e-07, 4.79291906e-06],
       [6.00287917e-03, 9.30024948e-03, 2.61590351e-02, 2.37211615e-03]]), array([[7.89998918e-01, 6.50873647e-01, 8.55017042e-01, 6.17362648e-01],
       [2.80530019e-06, 1.72343985e-05, 1.49482904e-06, 5.78988286e-05],
       [1.28676704e-06, 6.70076602e-06, 2.58498381e-06, 1.00448993e-05],
       ...,
       [2.00207054e-03, 2.08988388e-03, 2.52320005e-03, 2.46540913e-03],
       [5.08275630e-07, 2.38041761e-06, 8.27204073e-07, 3.04447794e-06],
       [8.52235216e-03, 1.23059839e-02, 5.89942011e-03, 1.92249778e-02]]), array([[8.67378418e-01, 7.87631806e-01, 6.61945967e-01, 1.14934961e-01],
       [1.79967964e-06, 7.70756704e-07, 6.46757041e-07, 4.45264925e-06],
       [1.11400719e-06, 7.68732719e-06, 3.09061456e-06, 9.19576711e-05],
       ...,
       [4.29297896e-04, 1.55146945e-03, 2.21217177e-04, 5.16778491e-02],
       [1.45948865e-06, 5.01784011e-06, 4.98790258e-06, 1.73406468e-05],
       [5.40266299e-03, 4.43839317e-03, 9.48825737e-03, 9.51367431e-02]]), array([[8.22980504e-01, 2.36526340e-01, 7.44297209e-01, 8.54998517e-01],
       [6.28654799e-07, 2.15142663e-06, 8.96707347e-07, 6.52320260e-07],
       [2.93870752e-06, 4.91655064e-06, 5.42625957e-06, 1.70411739e-06],
       ...,
       [1.93047507e-03, 1.30398138e-03, 4.50580920e-03, 6.51024186e-04],
       [8.59598543e-07, 6.25338127e-06, 8.20301933e-06, 1.32849945e-06],
       [1.55856574e-02, 1.96278061e-02, 2.89020205e-03, 3.17605536e-03]]), array([[6.57264110e-01, 7.48868509e-01, 8.58049230e-01, 6.69123330e-01],
       [2.85347943e-06, 1.23779727e-05, 3.74685291e-07, 2.47855616e-06],
       [2.16538434e-06, 3.38644868e-06, 7.13448586e-07, 2.65857067e-05],
       ...,
       [1.31984508e-03, 1.07005730e-03, 2.88551161e-03, 8.38493124e-03],
       [3.40821262e-07, 1.01874165e-05, 1.74524004e-06, 3.52554003e-05],
       [2.53405832e-02, 8.52233979e-03, 8.78528644e-04, 1.11952874e-02]]), array([[6.68242836e-01, 8.34317717e-01, 4.78265963e-01, 8.17094654e-01],
       [1.16319590e-05, 5.87102989e-06, 1.50144179e-06, 1.22532053e-06],
       [7.09218201e-06, 4.15638702e-06, 1.49008970e-05, 1.22074637e-06],
       ...,
       [3.45109625e-03, 2.49371800e-05, 4.14059454e-03, 3.01418793e-03],
       [1.10535213e-06, 3.19142605e-06, 7.85324743e-06, 1.13564434e-06],
       [1.14997724e-03, 8.67228004e-03, 1.11149786e-03, 1.01802027e-02]]), array([[7.70293031e-01, 6.02141990e-01, 8.90370757e-01, 7.55948319e-01],
       [1.35751347e-06, 2.00584462e-05, 2.45918210e-06, 2.25505756e-06],
       [2.57954765e-06, 1.32058373e-05, 3.57604037e-06, 2.24137481e-05],
       ...,
       [1.55365094e-03, 1.91886895e-03, 4.10185972e-03, 1.58428315e-03],
       [1.28863561e-07, 8.45836486e-06, 2.41903101e-07, 5.93569693e-06],
       [5.05534075e-03, 4.36457256e-03, 7.33276175e-03, 2.14080697e-02]]), array([[6.94302156e-01, 8.07997759e-01, 7.24225617e-01, 8.53791514e-01],
       [9.65657784e-06, 3.05685191e-06, 7.08755085e-07, 7.12341715e-07],
       [9.51931374e-08, 3.90541620e-07, 1.89386660e-06, 1.93511062e-06],
       ...,
       [2.38184738e-03, 5.55177981e-03, 3.56677705e-03, 1.19791274e-03],
       [3.23488504e-06, 6.27840458e-06, 2.58160097e-06, 3.19414475e-06],
       [4.02545147e-03, 2.66396002e-03, 3.01261854e-02, 4.21439527e-03]]), array([[8.18827664e-01, 6.06001772e-01, 7.86614247e-01, 8.23706678e-01],
       [1.56591887e-05, 4.89216992e-07, 9.87955265e-07, 2.43141570e-06],
       [4.47963069e-06, 8.85935071e-06, 5.63191985e-06, 1.12461636e-06],
       ...,
       [7.63438104e-04, 2.67558164e-03, 3.71957007e-03, 9.66004009e-04],
       [3.92029789e-07, 1.13764562e-05, 2.42214803e-06, 1.82597095e-07],
       [3.14269445e-02, 5.21034691e-03, 7.25260269e-03, 2.56942630e-03]])]

Nmi with generated data: [0.036844718137325184, 0.0394421955346634, 0.040337657078915616, 0.04166361397532345, 0.039701038254130815, 0.04022122666724719, 0.04117870155084023, 0.03893392424904744, 0.03975396688722081, 0.03840845754883436]