Estimating the parameters from the real data (K=2) (z initialized through y and r)
==================================================

N (neurons): 805
K (states): 4
T (time steps): 10000
Seed: 12345
Number of repetitions: 10
Number of iterations: 100

Estimated parameters:
Estimated Pi: [array([0.25133759, 0.15679466, 0.3156142 , 0.27625355]), array([0.19218547, 0.34004232, 0.27652364, 0.19124858]), array([0.2584948 , 0.17256441, 0.25093434, 0.31800645]), array([0.22840261, 0.36176607, 0.13042834, 0.27940297]), array([0.2087121 , 0.27189864, 0.21390466, 0.30548459]), array([0.24784143, 0.3471256 , 0.20326455, 0.20176842]), array([0.28394874, 0.26391739, 0.12596609, 0.32616778]), array([0.22954093, 0.24647265, 0.24235483, 0.28163159]), array([0.38411843, 0.21330778, 0.16137672, 0.24119707]), array([0.16931547, 0.2353022 , 0.1583568 , 0.43702553])]
Estimated Gamma: [array([[0.200614  , 0.56117758, 0.23568894, 0.00251948],
       [0.16496499, 0.23130693, 0.47679999, 0.12692808],
       [0.0365335 , 0.31626375, 0.09367048, 0.55353227],
       [0.0441075 , 0.16886577, 0.30872303, 0.47830369]]), array([[0.73816971, 0.094802  , 0.10117353, 0.06585476],
       [0.27993862, 0.54692271, 0.11483806, 0.05830061],
       [0.24499007, 0.68298661, 0.0697221 , 0.00230123],
       [0.56681342, 0.05655404, 0.32739508, 0.04923745]]), array([[0.11298696, 0.20628227, 0.35226037, 0.3284704 ],
       [0.31898011, 0.29804624, 0.27192091, 0.11105274],
       [0.23939005, 0.23922327, 0.39641162, 0.12497506],
       [0.06731842, 0.10822266, 0.75001041, 0.07444851]]), array([[0.10976551, 0.23854883, 0.06196277, 0.58972289],
       [0.01723273, 0.34372309, 0.08613219, 0.55291198],
       [0.15484372, 0.58031948, 0.01014874, 0.25468805],
       [0.12452385, 0.17002817, 0.04234575, 0.66310224]]), array([[0.176546  , 0.75599431, 0.0141687 , 0.053291  ],
       [0.14926643, 0.78914094, 0.03307402, 0.02851861],
       [0.04505376, 0.84431493, 0.02440321, 0.0862281 ],
       [0.07739195, 0.6493881 , 0.2100021 , 0.06321784]]), array([[0.11198156, 0.44987042, 0.10775123, 0.33039679],
       [0.21477003, 0.57422712, 0.1742802 , 0.03672265],
       [0.03177864, 0.33001457, 0.21640338, 0.42180341],
       [0.02728423, 0.13372665, 0.14151621, 0.69747291]]), array([[0.05880921, 0.04712629, 0.06457834, 0.82948616],
       [0.35305714, 0.17349896, 0.05507166, 0.41837224],
       [0.34832746, 0.04067125, 0.0944777 , 0.5165236 ],
       [0.31760512, 0.34618271, 0.09516414, 0.24104803]]), array([[0.40171482, 0.0852491 , 0.50615267, 0.0068834 ],
       [0.12946574, 0.3360675 , 0.3784089 , 0.15605786],
       [0.17572991, 0.15802351, 0.33009442, 0.33615216],
       [0.22796397, 0.01618661, 0.66138345, 0.09446596]]), array([[4.85391752e-01, 2.89312459e-01, 7.95906449e-02, 1.45705144e-01],
       [7.45723011e-01, 5.49466210e-04, 1.79632477e-01, 7.40950458e-02],
       [6.24599751e-01, 9.44787161e-02, 8.43741726e-02, 1.96547360e-01],
       [5.27447449e-01, 2.18546164e-01, 1.43431452e-01, 1.10574935e-01]]), array([[0.05696826, 0.58640321, 0.14763416, 0.20899437],
       [0.02102816, 0.02886444, 0.60255075, 0.34755665],
       [0.16260382, 0.18157917, 0.50469144, 0.15112558],
       [0.04060509, 0.75932533, 0.0262131 , 0.17385648]])]
Estimated R: [array([[5.86637659e-01, 7.76877217e-01, 7.98389535e-01, 8.21365018e-01],
       [3.90403301e-06, 6.75739068e-06, 1.87756190e-06, 6.47316381e-06],
       [3.87580742e-05, 2.42428935e-06, 1.41924955e-06, 3.10864602e-06],
       ...,
       [4.93206794e-03, 2.87003591e-03, 1.71847248e-03, 1.43843482e-03],
       [1.21827653e-05, 6.18389460e-06, 3.69833627e-06, 1.09089342e-06],
       [3.18234996e-02, 8.33774460e-03, 8.83743912e-03, 2.57206800e-03]]), array([[8.26415887e-01, 7.64109405e-01, 7.96423840e-01, 4.31264429e-01],
       [3.35059890e-06, 4.59204226e-06, 4.66127977e-06, 4.07724324e-05],
       [1.68504100e-07, 5.64163668e-06, 2.03236441e-06, 4.00171090e-06],
       ...,
       [3.52876791e-03, 3.50273961e-04, 1.19835309e-03, 2.83414862e-03],
       [1.04143384e-05, 1.94715267e-06, 7.48546975e-06, 1.39906336e-06],
       [2.83583858e-03, 1.40935592e-02, 1.04661052e-03, 4.86821026e-02]]), array([[7.76756111e-01, 6.84147932e-01, 8.15084833e-01, 8.48721001e-01],
       [7.78131094e-06, 1.40108872e-07, 4.86279234e-06, 3.03509502e-06],
       [2.09242945e-05, 4.22284904e-06, 5.38621936e-06, 3.25570887e-06],
       ...,
       [9.43974374e-04, 3.94210022e-03, 1.44746292e-03, 3.45153679e-03],
       [2.28007215e-05, 1.31415983e-05, 2.42309767e-07, 1.24456976e-05],
       [1.57039805e-02, 9.96283587e-03, 3.09357946e-03, 1.05763658e-02]]), array([[5.35561564e-01, 8.87548275e-01, 9.47932705e-02, 8.41708231e-01],
       [3.99807231e-06, 2.44842267e-06, 6.46827098e-06, 1.50944683e-06],
       [1.04603631e-05, 2.71830908e-06, 1.39199262e-05, 7.03734636e-06],
       ...,
       [2.45541970e-03, 2.31932105e-03, 2.31131546e-03, 2.00757000e-03],
       [3.42874513e-06, 6.04182810e-06, 2.76019149e-05, 1.14609745e-06],
       [8.67114454e-03, 2.60526896e-03, 8.42920862e-02, 4.23872421e-03]]), array([[5.53181426e-01, 8.33799335e-01, 6.80587384e-01, 7.09863567e-01],
       [8.34128673e-07, 7.27328195e-07, 1.73778236e-05, 5.96844248e-05],
       [1.11292729e-05, 8.27276846e-07, 6.75668817e-05, 5.91185706e-05],
       ...,
       [8.51063700e-03, 9.13689090e-04, 2.59519363e-03, 3.63880349e-03],
       [3.63408284e-06, 2.40378183e-06, 2.75869406e-05, 4.80229116e-05],
       [2.12189648e-02, 5.39606555e-03, 8.19741499e-03, 2.46174730e-02]]), array([[6.92678236e-01, 8.65513831e-01, 7.08732300e-01, 7.63428104e-01],
       [9.45368550e-07, 2.10689768e-06, 2.46187859e-06, 4.79706320e-06],
       [3.41489740e-06, 2.01136064e-06, 1.02579432e-05, 2.33190191e-06],
       ...,
       [3.99417736e-03, 2.77012094e-03, 1.26602901e-03, 1.46732616e-03],
       [1.81875892e-06, 7.41721316e-06, 1.98720953e-05, 7.28668798e-07],
       [9.85641714e-03, 3.83208854e-03, 9.48947252e-03, 1.19938385e-02]]), array([[7.60500301e-01, 8.37111482e-01, 3.22015756e-01, 8.51545107e-01],
       [8.43063715e-07, 7.35727799e-06, 4.11065679e-06, 1.48901383e-06],
       [5.69279342e-06, 2.98268651e-07, 8.08883450e-06, 4.53480833e-07],
       ...,
       [4.11512927e-03, 4.98978732e-03, 4.71282976e-04, 3.84856137e-05],
       [1.53013668e-06, 9.05675592e-06, 4.45701209e-05, 3.91183320e-07],
       [1.47048291e-02, 1.29122536e-02, 1.19295560e-02, 2.41172770e-03]]), array([[8.26143352e-01, 7.46258819e-01, 8.14721369e-01, 6.83895431e-01],
       [7.83779677e-06, 2.38473141e-06, 8.25163151e-06, 2.76425349e-07],
       [6.92092997e-06, 1.13700927e-05, 1.91629054e-06, 6.59940870e-06],
       ...,
       [4.63030421e-04, 4.12937942e-03, 2.65616094e-03, 1.94232653e-03],
       [7.58207628e-06, 2.10716984e-06, 1.85406098e-06, 5.88391677e-07],
       [1.58129872e-03, 3.14733005e-02, 3.85993064e-03, 1.03910154e-02]]), array([[8.76846973e-01, 8.30804072e-01, 6.03974638e-01, 4.58529604e-01],
       [9.60411461e-07, 2.93347686e-06, 4.69968428e-06, 3.78436897e-06],
       [2.15733566e-06, 2.50474669e-06, 5.77408332e-07, 1.11459467e-06],
       ...,
       [1.98627338e-06, 4.34080717e-03, 2.37070482e-04, 1.03822990e-02],
       [8.68910719e-09, 7.17518225e-06, 1.26782144e-05, 5.10742414e-06],
       [5.06599795e-03, 7.11147985e-03, 1.57832790e-02, 1.91879897e-02]]), array([[6.11660797e-01, 7.86284010e-01, 7.69575473e-01, 8.70072814e-01],
       [2.76536375e-06, 7.68493970e-06, 4.04237337e-06, 8.20729961e-06],
       [1.79956920e-05, 1.20431221e-05, 1.00422034e-06, 8.28225987e-06],
       ...,
       [4.45862978e-03, 4.76742417e-03, 2.31150738e-04, 1.40748305e-03],
       [6.39330140e-06, 8.78690732e-06, 2.59287727e-06, 1.56190446e-06],
       [8.01799736e-04, 2.17204932e-02, 1.24505976e-03, 6.67161158e-03]])]

