Estimating the parameters from the real data (K=2) (z initialized through y and r)
==================================================

N (neurons): 805
K (states): 5
T (time steps): 10000
Seed: 12345
Number of repetitions: 10
Number of iterations: 100

Estimated parameters:
Estimated Pi: [array([0.26984487, 0.37234276, 0.10819789, 0.18039256, 0.06922192]), array([0.12669737, 0.24766222, 0.33537111, 0.23742226, 0.05284704]), array([0.31243053, 0.00997025, 0.24547879, 0.23536899, 0.19675144]), array([0.13295649, 0.24453961, 0.09101589, 0.28437909, 0.24710893]), array([0.13796227, 0.2269841 , 0.27077591, 0.13388817, 0.23038955]), array([0.06234554, 0.34864621, 0.13784326, 0.22627273, 0.22489225]), array([0.21881636, 0.14061948, 0.32060214, 0.23851248, 0.08144953]), array([0.18520342, 0.18240522, 0.22446414, 0.20917919, 0.19874802]), array([0.15763046, 0.21839632, 0.21559089, 0.17810773, 0.23027461]), array([0.2228516 , 0.21600585, 0.11712255, 0.19566931, 0.24835069])]
Estimated Gamma: [array([[0.03480583, 0.8484496 , 0.0158771 , 0.01960887, 0.0812586 ],
       [0.07922681, 0.73080204, 0.04682794, 0.11163906, 0.03150415],
       [0.05141454, 0.92160077, 0.01750306, 0.00440031, 0.00508133],
       [0.01149052, 0.89999212, 0.01688609, 0.02653557, 0.0450957 ],
       [0.08783778, 0.41520049, 0.00857853, 0.42764286, 0.06074034]]), array([[0.24122536, 0.05586855, 0.55262459, 0.02276604, 0.12751546],
       [0.58820266, 0.1247577 , 0.17220982, 0.10601682, 0.00881301],
       [0.09568087, 0.36405891, 0.33969139, 0.03083511, 0.16973372],
       [0.53748518, 0.27129336, 0.13556397, 0.03662194, 0.01903555],
       [0.57409846, 0.05847822, 0.31248206, 0.02877098, 0.02617028]]), array([[0.23701022, 0.01139978, 0.05270028, 0.66350352, 0.0353862 ],
       [0.17490426, 0.01510679, 0.04747865, 0.62396991, 0.13854039],
       [0.54883875, 0.01171229, 0.21520302, 0.10138377, 0.12286217],
       [0.28085171, 0.01715102, 0.55709907, 0.10268176, 0.04221644],
       [0.12986518, 0.01068356, 0.58758537, 0.0514315 , 0.22043439]]), array([[0.27864108, 0.09280018, 0.07043246, 0.05683695, 0.50128934],
       [0.74914184, 0.04234743, 0.01032801, 0.0260956 , 0.17208713],
       [0.24275435, 0.25815792, 0.00356568, 0.1458894 , 0.34963265],
       [0.09483496, 0.25205659, 0.0479494 , 0.10783135, 0.4973277 ],
       [0.02105966, 0.35055532, 0.06037344, 0.17481553, 0.39319606]]), array([[0.1353951 , 0.07921016, 0.53300403, 0.1758608 , 0.0765299 ],
       [0.14807246, 0.40608024, 0.15000749, 0.02205766, 0.27378214],
       [0.15882966, 0.41262481, 0.13179017, 0.13913823, 0.15761713],
       [0.01720452, 0.60878475, 0.07110253, 0.01855709, 0.28435111],
       [0.11719041, 0.42557148, 0.15070521, 0.05554754, 0.25098537]]), array([[0.01780852, 0.4105754 , 0.11660684, 0.33577949, 0.11922975],
       [0.0427327 , 0.28561806, 0.24394923, 0.00847187, 0.41922813],
       [0.06347394, 0.68412851, 0.00625815, 0.02705288, 0.21908652],
       [0.19516757, 0.00482756, 0.03353013, 0.12318015, 0.64329459],
       [0.0426511 , 0.03664224, 0.08833065, 0.05680364, 0.77557236]]), array([[0.30199508, 0.06576422, 0.58041658, 0.03535974, 0.01646438],
       [0.15250692, 0.071797  , 0.51737462, 0.24960921, 0.00871225],
       [0.14283498, 0.08970072, 0.46642782, 0.16887129, 0.13216519],
       [0.30037338, 0.08122821, 0.57208612, 0.01964998, 0.02666231],
       [0.1887642 , 0.06422982, 0.57632544, 0.13680492, 0.03387562]]), array([[0.09931435, 0.16832722, 0.64038802, 0.03985227, 0.05211813],
       [0.24689348, 0.01782018, 0.52031653, 0.20497778, 0.00999202],
       [0.02214856, 0.27620931, 0.37231253, 0.27102506, 0.05830454],
       [0.54154544, 0.05878453, 0.33789342, 0.04062328, 0.02115334],
       [0.01982477, 0.22243276, 0.56375867, 0.05093081, 0.143053  ]]), array([[0.02715418, 0.05045201, 0.2641836 , 0.42321068, 0.23499953],
       [0.05303874, 0.41201688, 0.14771381, 0.34545979, 0.04177078],
       [0.03683847, 0.00307011, 0.31302881, 0.61339181, 0.03367081],
       [0.03348589, 0.27578982, 0.22489468, 0.30738244, 0.15844716],
       [0.02955365, 0.12122535, 0.51616196, 0.27544887, 0.05761016]]), array([[0.23726513, 0.40298427, 0.19644229, 0.00321621, 0.1600921 ],
       [0.28983362, 0.26083226, 0.05593513, 0.01993427, 0.37346472],
       [0.36243787, 0.41941484, 0.0815879 , 0.01551385, 0.12104555],
       [0.39456292, 0.29489274, 0.09731832, 0.18037647, 0.03284956],
       [0.73279541, 0.01302112, 0.05080936, 0.18779007, 0.01558403]])]
Estimated R: [array([[6.82749877e-01, 8.79755238e-01, 2.91204890e-01, 5.03795840e-01,
        2.87483170e-01],
       [1.07073273e-05, 7.93996736e-07, 4.98691430e-05, 1.03037654e-05,
        2.12708932e-05],
       [1.73463434e-07, 2.51468534e-07, 3.58477387e-05, 7.16504617e-06,
        4.61543871e-05],
       ...,
       [1.13729400e-02, 5.07379845e-04, 8.05869760e-03, 4.00055532e-03,
        9.64181745e-03],
       [1.82928471e-05, 9.59228769e-07, 3.19933440e-05, 5.13048539e-07,
        1.07228856e-05],
       [3.93909355e-02, 4.35792961e-04, 2.26236841e-02, 2.95906629e-02,
        4.34406796e-02]]), array([[8.55367340e-01, 8.32185351e-01, 8.31361673e-01, 6.05397020e-01,
        3.90720809e-01],
       [9.65582896e-07, 1.47324409e-05, 2.27236033e-06, 1.25325602e-05,
        4.95616134e-05],
       [2.72975094e-06, 1.13916361e-06, 7.81413033e-07, 2.55272943e-05,
        1.09187375e-05],
       ...,
       [3.81451954e-04, 3.74573531e-03, 2.09175800e-03, 1.34530700e-03,
        5.63161314e-03],
       [1.12387905e-05, 1.13357862e-05, 5.81514832e-06, 1.41322521e-05,
        1.05699643e-05],
       [6.69910347e-03, 1.50749348e-02, 7.14900513e-03, 9.61166925e-03,
        5.82818875e-03]]), array([[7.77605205e-01, 1.18149750e-02, 7.41107431e-01, 8.83387138e-01,
        7.16376245e-01],
       [1.36252254e-06, 5.47094409e-06, 5.08868396e-06, 2.16417461e-06,
        2.88766386e-06],
       [7.55801288e-07, 1.25849057e-05, 2.13625598e-06, 5.42799316e-07,
        1.00540289e-05],
       ...,
       [3.03806819e-04, 1.27677359e-02, 5.24959543e-03, 3.00996024e-04,
        4.18455533e-03],
       [1.40127524e-06, 2.67836623e-05, 3.56210934e-07, 1.02373027e-06,
        6.13832767e-06],
       [1.44834221e-04, 5.80983754e-02, 2.47905591e-02, 7.20072063e-04,
        2.24530296e-03]]), array([[7.96765950e-01, 7.32560048e-01, 4.80171490e-01, 7.72231171e-01,
        8.41821278e-01],
       [9.30743673e-06, 8.46670365e-07, 4.66596781e-05, 1.14108398e-05,
        9.66530606e-07],
       [8.97675184e-06, 1.36346838e-05, 3.46384132e-05, 1.19403010e-05,
        3.76438981e-06],
       ...,
       [1.32867480e-03, 1.20065070e-05, 4.21138438e-04, 1.04442331e-02,
        1.63279270e-03],
       [4.72125668e-06, 8.98750849e-07, 4.46359818e-05, 1.61452268e-05,
        6.72817879e-07],
       [2.08091074e-03, 3.06844956e-03, 3.84587811e-02, 1.26993701e-03,
        1.40563794e-02]]), array([[6.75475023e-01, 7.71473467e-01, 8.44237919e-01, 5.61573130e-01,
        8.82982227e-01],
       [8.46889080e-06, 5.92339814e-06, 4.87131417e-07, 6.53491534e-06,
        1.66505746e-06],
       [4.65461457e-08, 1.16303957e-06, 1.08195230e-06, 2.45630045e-05,
        1.70643794e-06],
       ...,
       [3.65061960e-03, 2.49898203e-03, 2.95556017e-03, 1.46218340e-03,
        7.17164025e-05],
       [2.09520583e-06, 1.02085434e-06, 2.60208159e-06, 8.53852987e-06,
        1.70715871e-07],
       [3.95541278e-03, 1.08212177e-02, 9.07984405e-03, 6.86361001e-03,
        6.85259714e-03]]), array([[5.10757905e-01, 8.33955872e-01, 6.30522790e-01, 6.97598916e-01,
        8.27815623e-01],
       [1.14142664e-05, 4.92901484e-06, 6.76919633e-07, 4.74090711e-05,
        1.90105663e-06],
       [1.40735674e-05, 9.09911775e-07, 3.58757913e-05, 2.80482938e-06,
        1.39725971e-06],
       ...,
       [5.20719861e-03, 1.88154614e-04, 2.17655408e-03, 1.66661049e-02,
        8.44684500e-04],
       [1.22396822e-05, 1.89954425e-05, 3.97759816e-07, 1.77821140e-05,
        1.43253831e-06],
       [7.79529514e-03, 1.63223236e-03, 7.81494606e-03, 5.89726569e-03,
        1.08147489e-02]]), array([[8.14205230e-01, 5.23884627e-01, 8.90099842e-01, 7.25607801e-01,
        3.49447403e-01],
       [1.02539330e-05, 1.46459818e-05, 5.82499972e-06, 1.98982798e-05,
        5.76884112e-07],
       [1.16604707e-05, 7.74723100e-07, 3.31934091e-06, 3.89269386e-05,
        4.11742786e-05],
       ...,
       [1.59814290e-03, 1.69823053e-04, 6.24929831e-04, 4.24804432e-03,
        1.26521192e-02],
       [1.49548606e-05, 5.26383466e-06, 1.95301353e-06, 2.52736823e-05,
        1.85534848e-05],
       [6.68664462e-04, 1.40371285e-02, 4.24814586e-03, 1.31501636e-02,
        4.14483480e-02]]), array([[6.70741311e-01, 6.73757036e-01, 8.79624527e-01, 7.95281818e-01,
        5.98773016e-01],
       [9.01637822e-07, 1.37311074e-05, 1.51277512e-06, 8.61497331e-06,
        4.51829221e-06],
       [1.10836903e-05, 1.64779359e-06, 3.22978343e-06, 2.85869146e-06,
        5.53446777e-06],
       ...,
       [4.81453542e-03, 3.77504349e-05, 1.59533869e-03, 3.07235336e-03,
        6.36672092e-03],
       [2.61285824e-07, 7.07573125e-06, 9.64730687e-08, 5.23572267e-07,
        1.38675993e-05],
       [3.76751550e-02, 1.05096023e-03, 2.18082460e-04, 1.04901446e-02,
        4.43346770e-03]]), array([[5.82762633e-01, 7.17098317e-01, 8.25785185e-01, 8.22201953e-01,
        7.24160113e-01],
       [5.78021459e-07, 1.60245235e-06, 1.16306216e-06, 2.11817804e-06,
        2.78244270e-05],
       [4.02471979e-05, 5.62094401e-06, 4.80722716e-07, 1.63362114e-06,
        1.80008188e-05],
       ...,
       [8.73771927e-04, 1.38827197e-03, 1.43287722e-03, 2.57457887e-03,
        5.34694168e-03],
       [4.26752606e-05, 2.82481954e-06, 3.65091351e-06, 2.97129797e-06,
        1.24104564e-05],
       [6.18564811e-03, 1.99273690e-02, 2.87191947e-03, 4.66078364e-03,
        1.65705364e-02]]), array([[8.15788377e-01, 8.72136057e-01, 5.62347921e-01, 7.13006724e-01,
        7.25462341e-01],
       [4.66024500e-07, 1.70020644e-06, 1.11261490e-05, 3.92833311e-05,
        9.59330091e-08],
       [1.05892198e-05, 4.38166689e-06, 9.52304220e-06, 2.04069635e-05,
        3.11500934e-06],
       ...,
       [1.98941463e-03, 1.67866214e-03, 9.09953656e-04, 1.12234515e-02,
        1.92594143e-03],
       [1.05586426e-06, 3.31446321e-06, 1.07622076e-05, 3.09930642e-05,
        1.35064282e-06],
       [3.66723460e-03, 4.79076196e-03, 3.56962819e-02, 3.17251889e-03,
        8.61856069e-03]])]

Nmi with generated data: [0.03842732037867571, 0.04442802463450833, 0.040896786496793514, 0.03948204883685983, 0.0396032030464796, 0.04341590268964102, 0.04147811729176739, 0.040409171264919955, 0.0367283200105373, 0.04264130370302847]