Estimating the parameters from the real data (K=2) (z initialized through y and r)
==================================================

N (neurons): 805
K (states): 5
T (time steps): 10000
Seed: 12345
Number of repetitions: 10
Number of iterations: 100

Estimated parameters:
Estimated Pi: [array([0.22494805, 0.25127597, 0.12887058, 0.19371792, 0.20118748]), array([0.23098932, 0.32156129, 0.13385859, 0.21211448, 0.10147632]), array([0.24601368, 0.26476248, 0.19793543, 0.20259305, 0.08869535]), array([0.09955677, 0.28315728, 0.14135193, 0.23665011, 0.23928391]), array([0.1484232 , 0.28192742, 0.17134162, 0.23553053, 0.16277723]), array([0.29963677, 0.12853193, 0.15841333, 0.19380985, 0.21960811]), array([0.26513632, 0.17333239, 0.08653174, 0.22720743, 0.24779213]), array([0.1546986 , 0.13863812, 0.33267952, 0.26201931, 0.11196444]), array([0.23891829, 0.25395064, 0.25090581, 0.13541554, 0.12080972]), array([0.29627625, 0.13164353, 0.24765703, 0.02194346, 0.30247974])]
Estimated Gamma: [array([[0.07511801, 0.05749745, 0.05547551, 0.41571147, 0.39619756],
       [0.03312027, 0.2177277 , 0.13189871, 0.20451392, 0.4127394 ],
       [0.07597421, 0.24975707, 0.43606482, 0.2063614 , 0.0318425 ],
       [0.05398191, 0.10245676, 0.33683803, 0.23643831, 0.270285  ],
       [0.22345151, 0.33032513, 0.02974676, 0.19187121, 0.22460539]]), array([[0.06585053, 0.53201629, 0.09032981, 0.00531165, 0.30649172],
       [0.19854756, 0.07801314, 0.10976337, 0.16124816, 0.45242777],
       [0.22750349, 0.6263133 , 0.06471425, 0.03813705, 0.04333191],
       [0.19813123, 0.2845546 , 0.15976332, 0.14702931, 0.21052154],
       [0.03243008, 0.67200904, 0.00444311, 0.02934294, 0.26177482]]), array([[0.01556084, 0.50164118, 0.06473157, 0.40626111, 0.0118053 ],
       [0.13456035, 0.33861042, 0.24738061, 0.20473297, 0.07471565],
       [0.34019152, 0.24719662, 0.069156  , 0.33395321, 0.00950265],
       [0.00863219, 0.28862802, 0.2249241 , 0.47171327, 0.00610241],
       [0.31810216, 0.13035758, 0.38119693, 0.13166098, 0.03868236]]), array([[4.71709645e-05, 5.50404591e-02, 2.31935274e-01, 1.16659068e-01,
        5.96318027e-01],
       [4.25345843e-02, 5.37357046e-01, 7.49968781e-02, 5.59723599e-02,
        2.89139131e-01],
       [4.97503458e-03, 4.41209625e-01, 5.30098316e-02, 3.87183870e-01,
        1.13621640e-01],
       [1.72702150e-02, 3.13567339e-01, 1.24422666e-01, 4.45770671e-01,
        9.89691091e-02],
       [5.76420869e-02, 1.85610486e-02, 1.17602702e-01, 7.35268984e-01,
        7.09251785e-02]]), array([[0.51523624, 0.18845008, 0.11484594, 0.00449688, 0.17697085],
       [0.21307545, 0.48289871, 0.00554913, 0.22153018, 0.07694652],
       [0.18256484, 0.76076305, 0.01271279, 0.0159169 , 0.02804242],
       [0.41270532, 0.19144996, 0.03436026, 0.28387588, 0.07760857],
       [0.243925  , 0.3919559 , 0.10379852, 0.25230762, 0.00801297]]), array([[0.13661079, 0.36651015, 0.06170341, 0.08123116, 0.35394449],
       [0.15568769, 0.07124851, 0.54702998, 0.1814846 , 0.04454921],
       [0.19326181, 0.12203868, 0.39499055, 0.07025458, 0.21945439],
       [0.13024303, 0.03643042, 0.80295201, 0.02530243, 0.00507211],
       [0.07326559, 0.1363166 , 0.77031607, 0.01099349, 0.00910825]]), array([[0.24397714, 0.28457153, 0.04007198, 0.03098766, 0.40039168],
       [0.25101411, 0.118188  , 0.02107776, 0.16529839, 0.44442174],
       [0.0806399 , 0.3424027 , 0.00901801, 0.25660159, 0.3113378 ],
       [0.53489736, 0.13130356, 0.00558845, 0.07477055, 0.25344009],
       [0.04527839, 0.26002795, 0.0149563 , 0.20023062, 0.47950674]]), array([[0.1312147 , 0.08674746, 0.212874  , 0.52066279, 0.04850104],
       [0.00730607, 0.49572299, 0.29194229, 0.18470632, 0.02032233],
       [0.10550046, 0.03199399, 0.16546961, 0.42398592, 0.27305002],
       [0.26010927, 0.26923882, 0.08438214, 0.20680529, 0.17946448],
       [0.18760835, 0.20815555, 0.12663915, 0.35198181, 0.12561515]]), array([[8.40169863e-02, 6.10771502e-01, 9.08186168e-02, 1.16687115e-01,
        9.77057797e-02],
       [6.90572755e-02, 6.05836039e-01, 2.05508832e-01, 5.08170630e-02,
        6.87807911e-02],
       [3.02016012e-01, 4.40573859e-01, 2.44701024e-01, 5.48477458e-05,
        1.26542580e-02],
       [9.20566440e-02, 4.99523777e-01, 2.72595024e-01, 1.09368758e-01,
        2.64557977e-02],
       [1.32058701e-01, 5.17574988e-01, 3.19744375e-02, 1.88107251e-01,
        1.30284622e-01]]), array([[2.97533694e-01, 1.00400085e-01, 2.43428347e-01, 2.49950323e-03,
        3.56138371e-01],
       [1.56275574e-01, 9.41895227e-02, 1.68465663e-01, 8.58407117e-03,
        5.72485169e-01],
       [5.99834423e-02, 1.09220702e-01, 3.80440857e-01, 7.01648415e-03,
        4.43338515e-01],
       [3.65558930e-01, 1.23546250e-01, 3.86929112e-01, 1.15645462e-03,
        1.22809253e-01],
       [6.69650059e-01, 4.52507511e-04, 1.38646151e-01, 4.95251336e-03,
        1.86298768e-01]])]
Estimated R: [array([[6.42288115e-01, 8.10164715e-01, 8.25279637e-01, 7.58532744e-01,
        8.02564079e-01],
       [1.38142461e-05, 1.03581715e-06, 5.52948463e-06, 6.42739946e-06,
        6.94628490e-06],
       [1.51105438e-05, 3.19558495e-07, 4.41485023e-07, 6.35677604e-06,
        3.25660408e-06],
       ...,
       [1.52844403e-04, 2.36111681e-03, 8.77513120e-04, 3.02634033e-03,
        3.37401329e-03],
       [9.99648388e-06, 1.02508860e-06, 3.31954525e-06, 8.90977102e-07,
        2.32322196e-06],
       [3.67401482e-03, 1.72691159e-02, 7.01697065e-03, 5.59740288e-03,
        6.63457838e-03]]), array([[7.04680613e-01, 8.56242510e-01, 6.10656062e-01, 6.12787863e-01,
        8.10621879e-01],
       [2.13320958e-05, 2.09222144e-06, 1.04611814e-05, 4.96971994e-06,
        1.36985277e-06],
       [1.36364136e-06, 2.53833340e-06, 1.84524491e-05, 5.75938697e-07,
        6.63855306e-06],
       ...,
       [6.65207354e-03, 7.19897661e-05, 2.29892763e-03, 3.35821969e-03,
        2.76543550e-03],
       [2.33583916e-06, 6.76030124e-07, 1.45894673e-06, 3.08553740e-08,
        4.26255317e-06],
       [1.00941612e-02, 2.95065422e-03, 4.05203527e-02, 2.22265187e-02,
        3.59960363e-03]]), array([[7.80555539e-01, 8.24287797e-01, 8.36962393e-01, 7.55288543e-01,
        3.23708310e-01],
       [1.56230472e-05, 1.22125863e-05, 1.54618954e-06, 1.07168761e-05,
        3.71610477e-05],
       [2.56456313e-06, 4.69225777e-06, 1.11893903e-06, 1.03722305e-06,
        3.70907742e-05],
       ...,
       [4.73663741e-03, 2.91622682e-03, 6.25168767e-04, 1.39718675e-03,
        3.72474425e-03],
       [1.83302342e-05, 7.68932913e-07, 3.18921718e-06, 2.30566692e-06,
        5.14566118e-06],
       [5.91796226e-03, 7.57339804e-03, 1.99019580e-02, 3.80045682e-03,
        1.00988791e-02]]), array([[1.96793270e-01, 7.75806411e-01, 5.90403884e-01, 8.44180108e-01,
        8.92298319e-01],
       [1.09627480e-04, 1.26244562e-06, 9.51100743e-06, 2.26314004e-06,
        9.57638307e-07],
       [2.38832908e-05, 1.16722727e-06, 3.11790684e-06, 5.70048784e-07,
        1.36016179e-06],
       ...,
       [3.51401725e-03, 9.08237665e-04, 2.58375084e-03, 4.25259810e-03,
        1.78768079e-04],
       [8.26944959e-05, 1.57642748e-06, 1.43392122e-05, 8.98675264e-07,
        6.57947253e-06],
       [5.83566466e-02, 6.51866045e-03, 2.13140029e-02, 5.76221120e-03,
        1.36164108e-03]]), array([[8.99190285e-01, 8.00473862e-01, 6.87002550e-01, 7.40003103e-01,
        4.38310433e-01],
       [6.91805535e-07, 1.36818482e-06, 6.42957774e-05, 1.24246176e-05,
        1.60995279e-06],
       [1.97359684e-06, 1.88925629e-06, 1.52872034e-05, 7.37077750e-06,
        1.90981344e-05],
       ...,
       [1.96743958e-03, 2.22032252e-04, 2.21960900e-02, 9.59698729e-04,
        2.40734262e-04],
       [1.24322913e-06, 1.15838032e-06, 2.83509274e-05, 1.56850512e-05,
        2.35544089e-06],
       [9.44948817e-03, 5.90329235e-03, 3.65529411e-03, 4.75598626e-03,
        2.21146439e-02]]), array([[8.03704980e-01, 7.51259054e-01, 8.64763102e-01, 3.94129412e-01,
        7.39135388e-01],
       [1.36941415e-05, 2.34896764e-07, 3.31306320e-06, 1.02393682e-05,
        2.92990208e-06],
       [2.58632361e-06, 3.49305531e-06, 8.53374481e-07, 3.81055220e-05,
        1.21686274e-05],
       ...,
       [2.15054775e-03, 1.29055957e-03, 3.21705861e-03, 1.36883466e-03,
        8.59345301e-04],
       [1.12330539e-05, 2.09365555e-06, 5.95078805e-06, 3.90194468e-06,
        6.02782432e-06],
       [1.24234397e-02, 4.32600372e-03, 8.59502094e-04, 7.67992261e-03,
        2.99322122e-02]]), array([[8.06141887e-01, 7.82098889e-01, 2.38797432e-01, 6.07046639e-01,
        8.57851775e-01],
       [6.19379466e-06, 8.97784899e-06, 1.02911634e-06, 1.97962702e-05,
        3.99061233e-06],
       [7.99920431e-07, 6.31748985e-06, 2.31857975e-06, 1.83036777e-06,
        1.98147277e-06],
       ...,
       [1.43162743e-03, 7.91200273e-04, 5.55458112e-03, 3.16993156e-03,
        2.82490530e-03],
       [7.94465372e-06, 8.19994499e-07, 3.23107714e-05, 6.58754860e-06,
        1.92786483e-06],
       [1.83240710e-03, 1.77989939e-03, 3.82389416e-02, 2.37199906e-02,
        8.40671511e-03]]), array([[6.32258263e-01, 8.00654215e-01, 8.51584004e-01, 8.35603396e-01,
        6.92352922e-01],
       [2.66610402e-06, 2.79209201e-06, 8.67764493e-06, 9.37794409e-07,
        7.44509924e-06],
       [1.09678911e-06, 4.01847113e-06, 1.14635545e-05, 3.54012418e-06,
        1.19429862e-05],
       ...,
       [3.53777894e-03, 7.64062873e-04, 1.18903378e-03, 2.21490321e-03,
        4.13054845e-03],
       [1.66579670e-05, 5.00097401e-06, 6.11087449e-06, 2.06938948e-06,
        1.63459603e-05],
       [7.71230044e-03, 1.59237710e-02, 1.88723200e-03, 5.33081014e-03,
        1.15748913e-02]]), array([[6.84947336e-01, 9.09267259e-01, 5.97313927e-01, 6.70323867e-01,
        5.13345537e-01],
       [1.08674459e-05, 6.75713895e-07, 5.03900336e-06, 3.28944346e-06,
        1.53588066e-05],
       [1.11600172e-05, 6.62557726e-06, 1.47756213e-06, 1.36230631e-05,
        6.87266764e-06],
       ...,
       [2.19095708e-03, 5.50356580e-04, 5.45817423e-03, 3.14529536e-03,
        6.03010451e-03],
       [3.61022000e-07, 1.73098323e-06, 2.41363097e-06, 7.25033695e-06,
        3.09869360e-05],
       [1.08458701e-02, 3.29651941e-03, 2.04401515e-02, 2.90247223e-03,
        1.90790467e-02]]), array([[8.34293857e-01, 4.96707673e-01, 7.44948555e-01, 3.90318020e-02,
        8.24084207e-01],
       [2.01681976e-06, 1.27120075e-06, 1.86536196e-05, 1.94680297e-04,
        3.03066776e-06],
       [4.14902922e-06, 6.35382949e-06, 2.58088036e-06, 7.22636355e-05,
        2.04368514e-07],
       ...,
       [8.15983005e-04, 1.39350591e-03, 1.30307445e-03, 5.95731168e-02,
        3.67179312e-03],
       [2.10123986e-06, 7.97368019e-06, 9.87390267e-07, 1.66134751e-04,
        8.73666412e-07],
       [1.49247068e-03, 5.09898057e-02, 8.42941801e-03, 1.52893184e-02,
        6.65270274e-03]])]

