Complexity increased keeping gamma very unbalanced, and increasing K (K=4)
==================================================

N (neurons): 3
K (states): 4
T (time steps): 100000
Seed: None
Number of repetitions: 10

Initialization of parameters for HMM:
Pi: [1 0 0 0]
Gamma: [[0.85 0.05 0.05 0.05]
 [0.05 0.85 0.05 0.05]
 [0.05 0.05 0.85 0.05]
 [0.05 0.05 0.05 0.85]]
R: [[0.5 0.  0.5 0. ]
 [0.  0.5 0.5 0. ]
 [0.5 0.  0.  0.5]
 [0.  0.5 0.  0.5]]

Generated data:
Generated firings (y): [0 0 0 0 2 2 2 2 2 3 3 3 2 3 2 2 2 3 1 0 2 2 2 1 0 0 0 1 0 0 1 0 0 0 0 1 1
 1 1 0 1 1 1 1 0 0 1 1 0 1 0 1 1 0 0 0 0 1 1 1 1 0 0 0 0 0 1 1 0 0 1 1 1 1
 1 1 1 1 1 1 2 0 2 2 2 2 2 0 2 2 3 1 3 0 0 0 1 1 0 2]... (showing first 100 entries)
Generated states (z): [0 0 0 0 0 0 3 3 3 3 3 3 3 3 3 3 3 3 1 0 0 0 0 2 2 2 2 2 2 2 2 2 2 2 2 2 2
 2 2 2 2 2 2 2 2 2 2 2 2 2 2 2 2 2 2 2 2 2 1 2 2 2 2 2 2 2 2 2 2 2 2 2 2 2
 2 2 2 2 2 2 0 0 0 0 0 0 0 0 0 0 1 1 1 0 0 2 2 2 0 0]... (showing first 100 entries)

Estimated parameters:
Estimated Pi: [array([4.89523970e-24, 1.43254695e-04, 3.73525880e-04, 9.99483219e-01]), array([1.56267072e-31, 4.23993458e-07, 2.15764823e-09, 9.99999574e-01]), array([1.00000000e+00, 1.61241318e-37, 1.22030535e-31, 1.28812513e-15]), array([9.99999995e-01, 4.94464888e-10, 3.65198731e-42, 4.35437147e-09]), array([2.93762723e-05, 3.10274707e-05, 1.57354070e-03, 9.98366056e-01]), array([9.99715619e-01, 7.54513604e-06, 2.76836277e-04, 1.55147980e-37]), array([1.00000000e+00, 1.09796910e-23, 3.16668630e-13, 3.07946438e-20]), array([1.31483160e-06, 1.77218014e-11, 3.33068637e-09, 9.99998682e-01]), array([9.20591376e-04, 9.92296920e-01, 6.78085388e-03, 1.63470767e-06]), array([1.57873943e-01, 2.45207528e-09, 8.42126055e-01, 7.56339160e-11])]
Estimated Gamma: [array([[0.704588  , 0.00414355, 0.08226749, 0.26980323],
       [0.00242997, 0.3044192 , 0.68581018, 0.07157338],
       [0.09414761, 0.41133077, 0.05920941, 0.37664976],
       [0.19883442, 0.28010648, 0.17271291, 0.28197363]]), array([[0.86933964, 0.0593041 , 0.04707003, 0.09025205],
       [0.10560707, 0.04310993, 0.67883398, 0.12937778],
       [0.01295028, 0.85278226, 0.22110663, 0.02455777],
       [0.01210301, 0.04480371, 0.05298936, 0.7558124 ]]), array([[7.80480179e-01, 2.29501088e-04, 3.36078010e-02, 2.94121105e-01],
       [6.02797782e-04, 5.04278851e-01, 4.71799884e-02, 3.63171322e-01],
       [1.00227530e-01, 4.94935306e-02, 8.97779392e-01, 4.93641410e-02],
       [1.18689493e-01, 4.45998118e-01, 2.14328185e-02, 2.93343432e-01]]), array([[0.86252528, 0.05676936, 0.06304826, 0.02228517],
       [0.0051902 , 0.19773991, 0.09912545, 0.6961286 ],
       [0.04614657, 0.07222178, 0.81661337, 0.06520991],
       [0.08613796, 0.67326895, 0.02121292, 0.21637632]]), array([[0.47371506, 0.34266604, 0.0851663 , 0.06273023],
       [0.08480651, 0.62013699, 0.01612028, 0.23296414],
       [0.30457099, 0.01454106, 0.14818552, 0.60071902],
       [0.13690744, 0.02265591, 0.7505279 , 0.10358661]]), array([[0.43200693, 0.48250777, 0.08043957, 0.00917203],
       [0.23991619, 0.08801707, 0.58415445, 0.05430248],
       [0.2893655 , 0.2973903 , 0.29833741, 0.07433981],
       [0.03871138, 0.13208486, 0.03706856, 0.86218567]]), array([[0.65684575, 0.01274912, 0.11529768, 0.33735356],
       [0.01008202, 0.66561635, 0.02088114, 0.14121233],
       [0.1165171 , 0.14433215, 0.84660613, 0.03257751],
       [0.21655512, 0.17730238, 0.01721504, 0.4888566 ]]), array([[0.77043914, 0.03720636, 0.021735  , 0.2341145 ],
       [0.04322762, 0.05386705, 0.85586708, 0.0189203 ],
       [0.00892697, 0.62496414, 0.09935738, 0.26513868],
       [0.17740627, 0.28396244, 0.02304055, 0.48182652]]), array([[0.33776273, 0.15877371, 0.32736264, 0.08041173],
       [0.01159916, 0.25449651, 0.47071921, 0.15296352],
       [0.14086123, 0.58019206, 0.18100413, 0.00667536],
       [0.50977687, 0.00653773, 0.02091403, 0.7599494 ]]), array([[0.07063428, 0.37737737, 0.43043275, 0.07037242],
       [0.21287788, 0.05357291, 0.19779394, 0.40711454],
       [0.68188958, 0.04843041, 0.34321039, 0.01990584],
       [0.03459826, 0.5206193 , 0.02856292, 0.50260719]])]
Estimated R: [array([[6.28803666e-02, 1.46321207e-01, 3.13732263e-01, 5.86588764e-01],
       [1.33313353e-04, 7.68410661e-01, 4.00151056e-01, 4.44505984e-02],
       [6.34583133e-01, 3.31385322e-03, 2.37413425e-02, 6.01319710e-02],
       [3.02403187e-01, 8.19542790e-02, 2.62375338e-01, 3.08828667e-01]]), array([[3.30961201e-03, 2.50913220e-01, 1.07408220e-01, 5.54920732e-01],
       [1.21845851e-03, 4.07386363e-01, 6.88045684e-01, 4.41670649e-02],
       [4.76661247e-01, 1.15911281e-03, 2.14316909e-03, 4.00884630e-01],
       [5.18810683e-01, 3.40541305e-01, 2.02402927e-01, 2.75729191e-05]]), array([[6.04861838e-01, 5.02417999e-03, 1.27923072e-02, 1.71345646e-01],
       [3.02697267e-01, 1.26839249e-04, 5.31147364e-01, 1.31440209e-02],
       [9.24399735e-02, 4.59697578e-01, 8.12278170e-05, 6.90947035e-01],
       [9.21186949e-07, 5.35151402e-01, 4.55979101e-01, 1.24563297e-01]]), array([[4.82268749e-01, 2.80964111e-01, 6.94895840e-05, 3.61130304e-01],
       [6.65297842e-04, 5.97888357e-01, 8.28588423e-02, 5.41639853e-01],
       [5.13528026e-01, 9.59554215e-04, 3.32736668e-01, 9.79955129e-04],
       [3.53792745e-03, 1.20187977e-01, 5.84335000e-01, 9.62498872e-02]]), array([[0.15316033, 0.11880266, 0.33150662, 0.43904391],
       [0.1374171 , 0.60979112, 0.03644931, 0.03648611],
       [0.10419396, 0.00068987, 0.58778397, 0.40169573],
       [0.60522861, 0.27071636, 0.04426011, 0.12277424]]), array([[6.57615207e-01, 2.83577564e-01, 4.55894146e-01, 2.39475450e-04],
       [2.63834811e-01, 3.37513179e-01, 1.57746933e-01, 2.46086726e-01],
       [7.68539818e-02, 3.75572012e-01, 3.61530955e-01, 2.26531477e-01],
       [1.69600051e-03, 3.33724534e-03, 2.48279660e-02, 5.27142322e-01]]), array([[7.86102795e-01, 3.01429699e-03, 1.15275853e-01, 5.11635814e-02],
       [1.34551487e-01, 3.25805309e-01, 4.16009556e-05, 9.15165218e-01],
       [7.67911145e-02, 1.09488057e-02, 6.11277473e-01, 1.29913153e-02],
       [2.55460311e-03, 6.60231589e-01, 2.73405073e-01, 2.06798848e-02]]), array([[1.20087486e-01, 9.06115330e-02, 1.90055310e-01, 6.59908863e-01],
       [3.46714183e-04, 6.74935839e-01, 5.12890396e-01, 6.08372322e-02],
       [6.13662122e-01, 9.37916066e-03, 5.96648402e-05, 7.68365359e-02],
       [2.65903678e-01, 2.25073468e-01, 2.96994629e-01, 2.02417369e-01]]), array([[0.23951974, 0.29642356, 0.13571492, 0.29278608],
       [0.11677653, 0.00247198, 0.02510618, 0.63561322],
       [0.06667914, 0.40181669, 0.62851255, 0.00074171],
       [0.57702459, 0.29928777, 0.21066635, 0.07085899]]), array([[0.40073419, 0.02836498, 0.59145685, 0.00880889],
       [0.31501384, 0.39731552, 0.23420803, 0.10285706],
       [0.25990837, 0.43125266, 0.16423233, 0.18283852],
       [0.0243436 , 0.14306684, 0.01010279, 0.70549553]])]

Total NMI: [[np.float64(0.26976902232818883), np.float64(0.2809397239018721), np.float64(0.2924946657661336), np.float64(0.3473999299560744), np.float64(0.3352928077427318), np.float64(0.33100828690124057), np.float64(0.33374947712075353), np.float64(0.34224794983800916), np.float64(0.3544374884579887), np.float64(0.35607358763628105), np.float64(0.3565356137087584), np.float64(0.35699754662592786), np.float64(0.3579637015631329), np.float64(0.36017342754475373), np.float64(0.36132380380464896)], [np.float64(0.05502058860590861), np.float64(0.11959358510450563), np.float64(0.18868326473889574), np.float64(0.2532062590961083), np.float64(0.2700396564010104), np.float64(0.294559402607082), np.float64(0.3216723357046886), np.float64(0.3595904685589812), np.float64(0.395799380383628), np.float64(0.4182147426689238), np.float64(0.4581448091370637), np.float64(0.47124277875455883), np.float64(0.4814673599505388), np.float64(0.48762183848673685), np.float64(0.4912855505654432)], [np.float64(0.39708536385454696), np.float64(0.4143447908515998), np.float64(0.4706247710598148), np.float64(0.4726517770705178), np.float64(0.49662158761281877), np.float64(0.49620803427845955), np.float64(0.49716701079933745), np.float64(0.5074762938119269), np.float64(0.5095085495870187), np.float64(0.5067688248180955), np.float64(0.5143864568217918), np.float64(0.5083730402444737), np.float64(0.5197282693706475), np.float64(0.5193384191665157), np.float64(0.5385536352575613)], [np.float64(0.3680848105102325), np.float64(0.4283245781635982), np.float64(0.4505399727110403), np.float64(0.45707366989260145), np.float64(0.46048152176994644), np.float64(0.4610221516641819), np.float64(0.4644664988631827), np.float64(0.47434481505710163), np.float64(0.4854816345525467), np.float64(0.49672183226157035), np.float64(0.5016732846834138), np.float64(0.5041458417547804), np.float64(0.5059715498089722), np.float64(0.5046575911793759), np.float64(0.5062326137660088)], [np.float64(0.22821415427355612), np.float64(0.339934325898159), np.float64(0.34358549186416487), np.float64(0.3558652929661235), np.float64(0.35482720871740364), np.float64(0.33992837977619106), np.float64(0.3244263610064306), np.float64(0.32244272602620355), np.float64(0.31535405145932327), np.float64(0.3156425735359061), np.float64(0.3210449736037256), np.float64(0.32985245796550733), np.float64(0.32982444144056855), np.float64(0.3282869781216457), np.float64(0.3300113079538691)], [np.float64(0.20246617375762946), np.float64(0.2289544504965734), np.float64(0.26960434577853376), np.float64(0.32540201173410593), np.float64(0.3527186133426015), np.float64(0.36461721095398253), np.float64(0.36337760400014724), np.float64(0.3683562125177087), np.float64(0.3721616843021994), np.float64(0.38012961465838657), np.float64(0.38585181552852643), np.float64(0.3869183567406285), np.float64(0.3887963372202418), np.float64(0.391393030951814), np.float64(0.39202915250097536)], [np.float64(0.26447509109695044), np.float64(0.43673444508143916), np.float64(0.4698080968350557), np.float64(0.4581655442129288), np.float64(0.46052176949939844), np.float64(0.46417458690454433), np.float64(0.4661161214467748), np.float64(0.47303167966927645), np.float64(0.4933549390793049), np.float64(0.4986149458647871), np.float64(0.5089528041091776), np.float64(0.5131077645202503), np.float64(0.5194731605717927), np.float64(0.519089748334731), np.float64(0.5250759648300019)], [np.float64(0.17418693196976692), np.float64(0.19600333251036492), np.float64(0.30676854915820034), np.float64(0.29776042561307436), np.float64(0.3330641336704442), np.float64(0.33362989746983746), np.float64(0.3588468675326825), np.float64(0.3635450590607913), np.float64(0.3717763501064793), np.float64(0.3730625345702734), np.float64(0.37721305125817606), np.float64(0.38118183775097314), np.float64(0.38598402244785096), np.float64(0.39299990153713876), np.float64(0.40067275567482763)], [np.float64(0.1289760705407842), np.float64(0.23967112387732686), np.float64(0.15067042967286265), np.float64(0.2605065382718368), np.float64(0.26615356153435266), np.float64(0.2696566730717664), np.float64(0.2746340846503568), np.float64(0.2918195266494402), np.float64(0.29233552066651897), np.float64(0.2869998304672771), np.float64(0.2936603913950547), np.float64(0.3383825396268166), np.float64(0.34805150816722213), np.float64(0.3525488545581047), np.float64(0.3647433616308808)], [np.float64(0.19409621048319148), np.float64(0.19970956801959228), np.float64(0.22273910327368773), np.float64(0.22299213656338404), np.float64(0.2200287034563327), np.float64(0.22096657914787704), np.float64(0.22420589385718753), np.float64(0.22815073921423254), np.float64(0.23212610667330238), np.float64(0.23810975197309914), np.float64(0.25018828815962235), np.float64(0.2981576978489069), np.float64(0.308374567277401), np.float64(0.32020882716774285), np.float64(0.32227263871263157)]]
Total Percentage: [[np.float64(30.195), np.float64(27.847), np.float64(27.448), np.float64(26.657999999999998), np.float64(26.834000000000003), np.float64(26.950000000000003), np.float64(27.247), np.float64(28.096), np.float64(28.671999999999997), np.float64(29.309), np.float64(29.348999999999997), np.float64(29.880000000000003), np.float64(29.973), np.float64(30.569000000000003), np.float64(30.679000000000002)], [np.float64(31.834), np.float64(25.153), np.float64(21.009), np.float64(22.078999999999997), np.float64(20.849999999999998), np.float64(20.894), np.float64(21.431), np.float64(24.517), np.float64(24.709999999999997), np.float64(24.806), np.float64(22.192999999999998), np.float64(21.865000000000002), np.float64(21.198), np.float64(22.095000000000002), np.float64(21.733)], [np.float64(36.516), np.float64(39.938), np.float64(41.941), np.float64(38.326), np.float64(35.845), np.float64(33.608), np.float64(30.733), np.float64(28.511999999999997), np.float64(27.006000000000004), np.float64(26.804), np.float64(24.846), np.float64(25.478), np.float64(22.933), np.float64(23.021), np.float64(20.882)], [np.float64(23.046), np.float64(28.958000000000002), np.float64(29.601), np.float64(29.427999999999997), np.float64(28.395), np.float64(28.09), np.float64(27.85), np.float64(29.215999999999998), np.float64(29.331000000000003), np.float64(30.215999999999998), np.float64(29.659999999999997), np.float64(30.089), np.float64(29.898000000000003), np.float64(30.385), np.float64(30.410999999999998)], [np.float64(15.568999999999999), np.float64(10.796999999999999), np.float64(10.451), np.float64(13.187), np.float64(13.433), np.float64(14.202), np.float64(15.445999999999998), np.float64(16.633), np.float64(17.622), np.float64(20.841), np.float64(25.465), np.float64(25.805), np.float64(27.561999999999998), np.float64(26.962000000000003), np.float64(28.992)], [np.float64(27.641), np.float64(29.814), np.float64(28.064), np.float64(27.36), np.float64(27.228), np.float64(27.561000000000003), np.float64(28.851), np.float64(30.61), np.float64(31.959), np.float64(33.42), np.float64(34.294999999999995), np.float64(34.98), np.float64(35.193000000000005), np.float64(35.289), np.float64(35.026)], [np.float64(14.969), np.float64(21.825), np.float64(23.157), np.float64(20.212), np.float64(19.358), np.float64(18.426000000000002), np.float64(18.109), np.float64(18.603), np.float64(20.412), np.float64(21.677), np.float64(24.052), np.float64(24.808), np.float64(26.973000000000003), np.float64(26.540999999999997), np.float64(28.723)], [np.float64(16.882), np.float64(28.464), np.float64(32.978), np.float64(35.249), np.float64(38.272), np.float64(38.887), np.float64(40.313), np.float64(39.737), np.float64(39.439), np.float64(38.349), np.float64(37.923), np.float64(37.354), np.float64(36.448), np.float64(35.112), np.float64(34.855999999999995)], [np.float64(19.8), np.float64(6.5280000000000005), np.float64(11.063), np.float64(5.268), np.float64(4.590000000000001), np.float64(4.3709999999999996), np.float64(4.144), np.float64(4.227), np.float64(4.044), np.float64(4.301), np.float64(4.266), np.float64(4.032), np.float64(3.9170000000000003), np.float64(3.58), np.float64(3.121)], [np.float64(36.075), np.float64(36.976), np.float64(37.269999999999996), np.float64(37.275000000000006), np.float64(37.274), np.float64(37.432), np.float64(37.274), np.float64(37.155), np.float64(38.068000000000005), np.float64(38.958999999999996), np.float64(39.982), np.float64(44.5), np.float64(45.73), np.float64(49.047000000000004), np.float64(49.413000000000004)]]
Total Delta Gamma: [1.94026054 1.78276715 1.39289682 1.50762422 1.84422092 1.65405018
 1.480613   1.63200763 1.71772817 1.85806265]
Total Delta R: [1.44341685 1.18955277 1.17008009 1.30806626 1.33135206 1.17718521
 1.41912366 1.38789555 1.50006425 1.18255998]
