Complexity increased keeping gamma very unbalanced, and increasing K (K=6)
==================================================

N (neurons): 3
K (states): 6
T (time steps): 50000
Seed: None
Number of repetitions: 10

Initialization of parameters for HMM:
Pi: [1 0 0 0 0 0]
Gamma: [[0.75 0.05 0.05 0.05 0.05 0.05]
 [0.05 0.75 0.05 0.05 0.05 0.05]
 [0.05 0.05 0.75 0.05 0.05 0.05]
 [0.05 0.05 0.05 0.75 0.05 0.05]
 [0.05 0.05 0.05 0.05 0.75 0.05]
 [0.05 0.05 0.05 0.05 0.05 0.75]]
R: [[0.5        0.         0.5        0.         0.33333333 0.33333333]
 [0.         0.5        0.5        0.         0.         0.33333333]
 [0.5        0.         0.         0.5        0.33333333 0.        ]
 [0.         0.5        0.         0.5        0.33333333 0.33333333]]

Generated data:
Generated firings (y): [0 2 2 2 3 0 0 0 3 1 1 0 1 1 1 1 0 0 0 0 0 3 1 1 1 0 1 2 3 3 0 2 0 2 2 0 0
 3 1 0 3 3 3 2 0 0 0 3 1 1 1 1 0 3 3 3 1 1 1 1 3 1 1 1 1 3 3 2 3 3 2 3 2 3
 2 2 2 3 2 2 2 2 2 2 3 2 3 2 2 0 0 0 0 2 0 1 0 3 2 0]... (showing first 100 entries)
Generated states (z): [0 0 4 4 4 4 0 0 1 2 2 2 2 2 2 2 2 2 2 2 2 1 1 1 1 0 2 4 1 1 2 0 4 4 4 4 4
 5 5 5 5 5 4 4 4 4 4 4 1 1 1 1 0 1 1 1 1 1 1 1 1 1 1 1 1 1 1 4 4 4 4 4 4 4
 3 3 3 4 3 3 3 3 3 3 3 3 3 3 3 4 0 0 0 0 2 2 2 4 3 2]... (showing first 100 entries)

Estimated parameters:
Estimated Pi: [array([0.09213609, 0.11974287, 0.28197556, 0.06708212, 0.17184695,
       0.2672164 ]), array([0.17826271, 0.02518629, 0.13106115, 0.29200746, 0.3166811 ,
       0.0568013 ]), array([0.14544189, 0.04676811, 0.12970952, 0.14489364, 0.06588984,
       0.467297  ]), array([0.05745338, 0.03886966, 0.07135158, 0.35183318, 0.39047638,
       0.09001582]), array([0.11356683, 0.02822271, 0.27496766, 0.22103326, 0.15191089,
       0.21029865]), array([0.36481329, 0.20819478, 0.01473959, 0.08186695, 0.18801442,
       0.14237096]), array([0.10744926, 0.07555517, 0.35359286, 0.09113843, 0.00640265,
       0.36586164]), array([0.08271683, 0.08237369, 0.04453859, 0.39155269, 0.20812491,
       0.19069329]), array([0.00189629, 0.45423843, 0.21311921, 0.02261501, 0.20792919,
       0.10020185]), array([0.09931504, 0.28062935, 0.31087054, 0.11229673, 0.17514069,
       0.02174764])]
Estimated Gamma: [array([[0.09875659, 0.10620909, 0.34048361, 0.27622977, 0.07868501,
        0.09963593],
       [0.1633682 , 0.4449762 , 0.10215722, 0.1388858 , 0.04759492,
        0.10301766],
       [0.1508604 , 0.03939385, 0.17571894, 0.1324271 , 0.1012818 ,
        0.40031791],
       [0.28242765, 0.22869157, 0.00373952, 0.11204827, 0.27041347,
        0.10267953],
       [0.1880692 , 0.20888005, 0.03367783, 0.20120751, 0.025694  ,
        0.3424714 ],
       [0.06752297, 0.1152831 , 0.1156208 , 0.20534175, 0.32352515,
        0.17270623]]), array([[4.64995280e-01, 7.20301212e-03, 2.10054925e-01, 1.14815946e-01,
        1.57160331e-01, 4.57705067e-02],
       [3.09706349e-01, 9.43791011e-02, 8.13308085e-03, 2.70097459e-01,
        1.49261435e-01, 1.68422576e-01],
       [2.30257083e-01, 4.15231809e-02, 2.82045477e-01, 8.71235242e-02,
        3.54555814e-01, 4.49492176e-03],
       [4.40157001e-02, 6.84052508e-02, 1.71193625e-04, 4.75697074e-01,
        2.19026817e-01, 1.92683964e-01],
       [2.41934774e-01, 9.12460269e-02, 3.86946358e-02, 2.97835077e-01,
        1.20249380e-01, 2.10040106e-01],
       [2.84980452e-02, 1.33327183e-01, 4.28058749e-02, 4.28827876e-01,
        2.91466778e-01, 7.50742424e-02]]), array([[0.21732086, 0.16137675, 0.00236485, 0.03444188, 0.18588954,
        0.39860613],
       [0.13118103, 0.39640513, 0.01341089, 0.28019934, 0.1658066 ,
        0.01299701],
       [0.18033029, 0.0342303 , 0.29351496, 0.26255269, 0.12801379,
        0.10135797],
       [0.07464334, 0.38159344, 0.1530998 , 0.0923882 , 0.17348324,
        0.12479197],
       [0.06707852, 0.08131629, 0.0912042 , 0.13370056, 0.47572255,
        0.15097788],
       [0.3563241 , 0.00267409, 0.14068926, 0.17099096, 0.11126803,
        0.21805355]]), array([[0.36372423, 0.41512538, 0.00217502, 0.05430442, 0.02382934,
        0.14084161],
       [0.11251661, 0.49815569, 0.11735689, 0.08103799, 0.04612309,
        0.14480972],
       [0.04435823, 0.06289332, 0.6935415 , 0.13528011, 0.03881759,
        0.02510925],
       [0.09549349, 0.18905503, 0.04888729, 0.19275419, 0.20643899,
        0.26737102],
       [0.03560454, 0.07783597, 0.12850542, 0.32925785, 0.25298515,
        0.17581107],
       [0.05189396, 0.23524525, 0.06495914, 0.14500831, 0.14856459,
        0.35432874]]), array([[0.11361575, 0.15937695, 0.06231945, 0.16706955, 0.14110708,
        0.35651121],
       [0.01933107, 0.70372303, 0.04481443, 0.03287535, 0.06668569,
        0.13257043],
       [0.06955083, 0.07424998, 0.21737225, 0.23436571, 0.19005539,
        0.21440584],
       [0.06419134, 0.00146244, 0.4532382 , 0.37384578, 0.00502222,
        0.10224002],
       [0.16665191, 0.10466844, 0.11107199, 0.12525495, 0.15120867,
        0.34114403],
       [0.28565789, 0.11354685, 0.03522487, 0.16469809, 0.28615075,
        0.11472156]]), array([[0.03725156, 0.13500164, 0.06535097, 0.17235648, 0.24661851,
        0.34342085],
       [0.14280718, 0.30250952, 0.12574079, 0.34943442, 0.06209648,
        0.01741161],
       [0.200063  , 0.15592314, 0.05368475, 0.09402556, 0.21641325,
        0.2798903 ],
       [0.23251411, 0.12277475, 0.17130646, 0.16169176, 0.05991519,
        0.25179772],
       [0.16819297, 0.12045784, 0.31176175, 0.002549  , 0.2895684 ,
        0.10747004],
       [0.24860668, 0.1629983 , 0.22541537, 0.1103702 , 0.22254665,
        0.0300628 ]]), array([[0.11166296, 0.093727  , 0.21376775, 0.07862143, 0.4669951 ,
        0.03522575],
       [0.1017509 , 0.09768034, 0.38457715, 0.0849311 , 0.13403232,
        0.1970282 ],
       [0.17529618, 0.16238501, 0.32396344, 0.17011401, 0.02039271,
        0.14784865],
       [0.08303222, 0.03885388, 0.05202079, 0.17540946, 0.46749176,
        0.18319189],
       [0.14317082, 0.16657037, 0.13478777, 0.29381449, 0.18856602,
        0.07309053],
       [0.19601964, 0.12253698, 0.11542174, 0.01321863, 0.01681377,
        0.53598924]]), array([[0.02494739, 0.25000879, 0.05701899, 0.11565201, 0.2536018 ,
        0.29877101],
       [0.16693683, 0.13711212, 0.04311336, 0.33779343, 0.24791392,
        0.06713035],
       [0.01876152, 0.0598985 , 0.52600911, 0.02222376, 0.02287647,
        0.35023064],
       [0.12799714, 0.4519633 , 0.05185373, 0.05942467, 0.29987508,
        0.00888608],
       [0.01831256, 0.19224844, 0.10574982, 0.07081897, 0.52693283,
        0.08593737],
       [0.022466  , 0.13332008, 0.25434713, 0.10768059, 0.0179514 ,
        0.46423479]]), array([[0.01870431, 0.0718811 , 0.20098933, 0.42713258, 0.13799566,
        0.14329702],
       [0.05053152, 0.00169435, 0.00417893, 0.04153066, 0.85530929,
        0.04675526],
       [0.25092382, 0.21304347, 0.07085653, 0.07771235, 0.36915647,
        0.01830736],
       [0.40965731, 0.03399976, 0.17188548, 0.28787506, 0.01625459,
        0.0803278 ],
       [0.03094844, 0.02893807, 0.219083  , 0.15609888, 0.35433228,
        0.21059932],
       [0.15800989, 0.03018054, 0.03438877, 0.07424393, 0.14135273,
        0.56182413]]), array([[0.12706693, 0.23676243, 0.16854514, 0.08662297, 0.31435994,
        0.06664259],
       [0.32706496, 0.13966468, 0.04427153, 0.02222217, 0.3938818 ,
        0.07289486],
       [0.38311984, 0.06705163, 0.09944027, 0.25548897, 0.17511077,
        0.01978852],
       [0.28943148, 0.0759633 , 0.01808538, 0.23045128, 0.10283741,
        0.28323115],
       [0.05032871, 0.42499155, 0.17548446, 0.14008012, 0.06842183,
        0.14069334],
       [0.24502764, 0.16844649, 0.011918  , 0.39641187, 0.17114304,
        0.00705297]])]
Estimated R: [array([[0.01390836, 0.10749078, 0.54850905, 0.17320437, 0.38576447,
        0.50929236],
       [0.53916343, 0.05147539, 0.07171578, 0.35529715, 0.2362565 ,
        0.12215954],
       [0.39198001, 0.35841377, 0.24738048, 0.1125726 , 0.15911793,
        0.06196889],
       [0.0549482 , 0.48262005, 0.13239468, 0.35892587, 0.2188611 ,
        0.30657921]]), array([[0.55876793, 0.03074168, 0.39624329, 0.11494373, 0.40037309,
        0.09918576],
       [0.31076187, 0.38820047, 0.47557566, 0.03394728, 0.21107823,
        0.34848199],
       [0.05127198, 0.53565391, 0.09067031, 0.14822429, 0.2322497 ,
        0.54057926],
       [0.07919822, 0.04540393, 0.03751075, 0.7028847 , 0.15629897,
        0.01175299]]), array([[0.4450649 , 0.03327833, 0.1853684 , 0.18542318, 0.15789522,
        0.66314557],
       [0.21431424, 0.12298448, 0.07341856, 0.10792028, 0.59612586,
        0.04760159],
       [0.30107026, 0.10109998, 0.27487093, 0.33754355, 0.1119742 ,
        0.27764696],
       [0.0395506 , 0.74263721, 0.46634211, 0.36911299, 0.13400472,
        0.01160587]]), array([[0.10157125, 0.14107902, 0.24542369, 0.74057542, 0.54041093,
        0.07708136],
       [0.41159751, 0.17313519, 0.60156926, 0.01378826, 0.02175564,
        0.05049593],
       [0.07665583, 0.01572375, 0.03592787, 0.09529911, 0.33874034,
        0.86135119],
       [0.41017541, 0.67006204, 0.11707917, 0.15033721, 0.09909309,
        0.01107152]]), array([[0.34753206, 0.11122647, 0.3807332 , 0.21564505, 0.31235402,
        0.36920685],
       [0.35273561, 0.51382838, 0.07484299, 0.08951867, 0.10350687,
        0.14436288],
       [0.27614979, 0.01748264, 0.36927725, 0.48159724, 0.04031554,
        0.19575609],
       [0.02358254, 0.35746251, 0.17514656, 0.21323903, 0.54382357,
        0.29067418]]), array([[0.55511669, 0.30307042, 0.08662768, 0.17251735, 0.30546472,
        0.20165587],
       [0.10563502, 0.07730147, 0.34300998, 0.21329095, 0.41776959,
        0.17754825],
       [0.00499896, 0.34551175, 0.26028603, 0.25118436, 0.26178016,
        0.20903746],
       [0.33424933, 0.27411636, 0.31007631, 0.36300734, 0.01498553,
        0.41175842]]), array([[0.33310348, 0.17934683, 0.42576589, 0.22450755, 0.02270201,
        0.41316013],
       [0.2222273 , 0.3271412 , 0.324866  , 0.06031615, 0.41088297,
        0.01788093],
       [0.12519025, 0.39585732, 0.05868989, 0.0012856 , 0.19370783,
        0.50917077],
       [0.31947896, 0.09765465, 0.19067823, 0.7138907 , 0.37270718,
        0.05978818]]), array([[0.11012126, 0.13186557, 0.06195261, 0.31179303, 0.55315613,
        0.3393691 ],
       [0.06053372, 0.08748558, 0.73851023, 0.04729086, 0.07187919,
        0.14991866],
       [0.29567965, 0.62198798, 0.00677754, 0.32907747, 0.24802386,
        0.00383824],
       [0.53366537, 0.15866086, 0.19275962, 0.31183864, 0.12694082,
        0.506874  ]]), array([[0.02770698, 0.28912196, 0.28736209, 0.23247008, 0.45087864,
        0.28704192],
       [0.50838306, 0.15852186, 0.05374603, 0.62189026, 0.00728421,
        0.0412664 ],
       [0.0088858 , 0.44153536, 0.29741792, 0.05652913, 0.30950898,
        0.31342206],
       [0.45502416, 0.11082082, 0.36147396, 0.08911052, 0.23232817,
        0.35826962]]), array([[0.13302767, 0.44979977, 0.34790183, 0.05782433, 0.4877488 ,
        0.04823687],
       [0.37130861, 0.32013893, 0.4404922 , 0.11254185, 0.0696292 ,
        0.03473932],
       [0.23908175, 0.05299586, 0.14005159, 0.48012989, 0.09826549,
        0.45509618],
       [0.25658197, 0.17706543, 0.07155438, 0.34950393, 0.34435651,
        0.46192763]])]

