Complexity increased keeping gamma very unbalanced, and increasing K (K=5)
==================================================

N (neurons): 3
K (states): 5
T (time steps): 50000
Seed: None
Number of repetitions: 10

Initialization of parameters for HMM:
Pi: [1 0 0 0 0]
Gamma: [[0.8  0.05 0.05 0.05 0.05]
 [0.05 0.8  0.05 0.05 0.05]
 [0.05 0.05 0.8  0.05 0.05]
 [0.05 0.05 0.05 0.8  0.05]
 [0.05 0.05 0.05 0.05 0.8 ]]
R: [[0.5        0.         0.5        0.         0.33333333]
 [0.         0.5        0.5        0.         0.        ]
 [0.5        0.         0.         0.5        0.33333333]
 [0.         0.5        0.         0.5        0.33333333]]

Generated data:
Generated firings (y): [2 0 0 0 3 2 3 0 2 3 3 0 1 2 2 0 3 3 0 0 3 0 1 3 3 1 3 3 3 1 1 3 2 3 3 0 1
 2 1 3 1 3 1 3 3 2 0 2 0 3 3 0 0 3 3 3 2 3 1 1 3 1 3 1 1 3 3 0 0 1 0 0 0 1
 1 1 1 0 1 1 1 1 1 2 1 3 2 0 2 3 3 3 3 2 3 1 0 1 2 0]... (showing first 100 entries)
Generated states (z): [0 0 2 2 4 4 4 0 0 3 3 2 2 4 4 4 4 4 4 4 3 0 1 1 1 1 1 1 1 2 1 4 4 4 4 4 2
 4 1 1 1 1 1 1 3 3 4 4 4 4 4 4 4 4 4 4 4 4 1 1 1 1 1 1 1 1 1 0 2 2 2 2 2 2
 2 2 2 2 2 2 2 2 2 3 1 1 0 0 3 3 3 3 3 3 1 1 2 2 0 2]... (showing first 100 entries)

Estimated parameters:
Estimated Pi: [array([0.11221228, 0.26734028, 0.3366089 , 0.20449919, 0.07933935]), array([0.29593872, 0.26395948, 0.28681771, 0.04174138, 0.11154271]), array([0.39496155, 0.00559272, 0.23499114, 0.35441961, 0.01003498]), array([0.15628962, 0.14745819, 0.08716475, 0.11140006, 0.49768738]), array([0.27041848, 0.1705593 , 0.14502133, 0.17144467, 0.24255622]), array([0.46080241, 0.00940001, 0.13428721, 0.20597677, 0.1895336 ]), array([0.03698766, 0.21534567, 0.00651891, 0.1928909 , 0.54825685]), array([4.30626048e-02, 3.53245109e-02, 2.14055928e-04, 5.07177481e-01,
       4.14221347e-01]), array([0.47371515, 0.17887044, 0.03857197, 0.13101261, 0.17782983]), array([0.40871224, 0.31783248, 0.05311135, 0.16617597, 0.05416797])]
Estimated Gamma: [array([[0.09586571, 0.1922322 , 0.19579756, 0.18084674, 0.33525779],
       [0.05570008, 0.01710529, 0.47206039, 0.26569931, 0.18943492],
       [0.46844947, 0.00770398, 0.06288182, 0.22652934, 0.23443539],
       [0.27701487, 0.09370166, 0.24140624, 0.37039874, 0.01747849],
       [0.34064467, 0.12246491, 0.32691448, 0.06535479, 0.14462114]]), array([[0.24706988, 0.0794635 , 0.34129313, 0.17825203, 0.15392146],
       [0.50218389, 0.32330603, 0.04170125, 0.11250801, 0.02030082],
       [0.365933  , 0.09505689, 0.23142347, 0.07607079, 0.23151586],
       [0.19850171, 0.19206736, 0.23021966, 0.14493113, 0.23428013],
       [0.26479738, 0.06062562, 0.12136376, 0.13253964, 0.4206736 ]]), array([[0.57375318, 0.04100565, 0.09398708, 0.28735934, 0.00389475],
       [0.02835894, 0.32175536, 0.25058702, 0.06020946, 0.33908922],
       [0.05412206, 0.08193431, 0.58264958, 0.195769  , 0.08552505],
       [0.21918914, 0.15069441, 0.32086925, 0.25158145, 0.05766576],
       [0.06599526, 0.08215676, 0.21260472, 0.06395923, 0.57528402]]), array([[0.19782252, 0.13057745, 0.21443459, 0.38743818, 0.06972725],
       [0.2129788 , 0.05983735, 0.40070133, 0.23981561, 0.08666691],
       [0.17523744, 0.10722729, 0.25508805, 0.36440436, 0.09804286],
       [0.34249632, 0.26156296, 0.12449838, 0.22616274, 0.0452796 ],
       [0.04529154, 0.09219116, 0.01925458, 0.09474637, 0.74851635]]), array([[0.38241231, 0.20123139, 0.2919384 , 0.09590598, 0.02851192],
       [0.17516951, 0.44268419, 0.14384171, 0.19651408, 0.04179051],
       [0.20772594, 0.47602291, 0.24139861, 0.03265933, 0.04219321],
       [0.03741412, 0.49108683, 0.16825177, 0.12676118, 0.17648609],
       [0.00777422, 0.31958411, 0.00179366, 0.00320831, 0.66763969]]), array([[0.06014912, 0.19892706, 0.48352628, 0.15103198, 0.10636555],
       [0.06113502, 0.75358431, 0.02202152, 0.06989284, 0.09336631],
       [0.12441184, 0.03602599, 0.56796498, 0.14748381, 0.12411338],
       [0.08805705, 0.08239489, 0.142811  , 0.61743111, 0.06930596],
       [0.01036878, 0.10404527, 0.37608954, 0.30738312, 0.20211329]]), array([[0.22090348, 0.27642777, 0.07675799, 0.35727857, 0.06863219],
       [0.07406912, 0.64413598, 0.06227631, 0.13304037, 0.08647822],
       [0.09782656, 0.24139318, 0.43963303, 0.14933195, 0.07181528],
       [0.24296763, 0.10424163, 0.01994645, 0.45707851, 0.17576579],
       [0.06416545, 0.11524066, 0.03585419, 0.21769261, 0.56704709]]), array([[0.2279803 , 0.06531102, 0.37237065, 0.1497306 , 0.18460744],
       [0.29276484, 0.12717194, 0.27428732, 0.2523524 , 0.0534235 ],
       [0.02956146, 0.23292317, 0.25551756, 0.24160513, 0.24039269],
       [0.10163529, 0.12270512, 0.26534811, 0.47242079, 0.03789069],
       [0.03306577, 0.16544859, 0.33862398, 0.19677495, 0.26608672]]), array([[0.68070718, 0.0085415 , 0.03578182, 0.21322863, 0.06174086],
       [0.16426403, 0.04457248, 0.20537178, 0.48009299, 0.10569872],
       [0.13177662, 0.07897019, 0.52308819, 0.16252106, 0.10364394],
       [0.21725685, 0.33488053, 0.25100977, 0.10784982, 0.08900302],
       [0.24187703, 0.14205798, 0.25950599, 0.31164992, 0.04490908]]), array([[6.85154327e-01, 1.82245960e-02, 2.47324751e-02, 1.98193624e-01,
        7.36949781e-02],
       [6.85632681e-03, 3.39768091e-01, 1.18655581e-01, 3.18747489e-01,
        2.15972512e-01],
       [1.31289505e-01, 9.28940897e-02, 6.36150237e-01, 1.25528184e-01,
        1.41379844e-02],
       [2.19083226e-01, 1.97589652e-01, 3.67733829e-01, 6.51940451e-04,
        2.14941352e-01],
       [3.67780380e-01, 1.03311609e-02, 4.22769366e-02, 1.81057866e-01,
        3.98553656e-01]])]
Estimated R: [array([[0.21727447, 0.04367282, 0.35091919, 0.44609796, 0.15964825],
       [0.13005928, 0.40222207, 0.10100665, 0.40776631, 0.10232856],
       [0.25740338, 0.40199975, 0.32280259, 0.14301491, 0.24044216],
       [0.39526286, 0.15210536, 0.22527157, 0.00312082, 0.49758103]]), array([[0.31960281, 0.52350075, 0.31752534, 0.06229815, 0.14047855],
       [0.26289399, 0.15057395, 0.22779992, 0.28503854, 0.08870582],
       [0.26207695, 0.18666778, 0.39942386, 0.13172675, 0.23042291],
       [0.15542624, 0.13925751, 0.05525088, 0.52093656, 0.54039272]]), array([[4.03324934e-01, 5.16320908e-01, 3.09318366e-01, 1.60068467e-02,
        1.65579391e-01],
       [2.29723071e-04, 3.05010642e-01, 3.74603315e-02, 1.46374039e-01,
        7.02497789e-01],
       [3.30722082e-01, 1.33687253e-02, 2.77659544e-01, 5.58995825e-01,
        1.10873721e-02],
       [2.65723260e-01, 1.65299725e-01, 3.75561758e-01, 2.78623290e-01,
        1.20835448e-01]]), array([[0.06138099, 0.26393316, 0.17753231, 0.26208685, 0.54525812],
       [0.52936566, 0.12617719, 0.02814321, 0.28864771, 0.0149802 ],
       [0.37403606, 0.33905747, 0.13689414, 0.1068713 , 0.37392969],
       [0.03521729, 0.27083218, 0.65743033, 0.34239414, 0.06583199]]), array([[0.45783411, 0.16064223, 0.46991523, 0.14935483, 0.19915449],
       [0.01069863, 0.29194283, 0.16270285, 0.46585866, 0.05429712],
       [0.32058263, 0.21032275, 0.23100757, 0.13554396, 0.43818501],
       [0.21088463, 0.33709218, 0.13637435, 0.24924255, 0.30836338]]), array([[0.15468057, 0.01405538, 0.64334847, 0.19782728, 0.11987267],
       [0.24550192, 0.45318437, 0.11139072, 0.00943837, 0.35880161],
       [0.33819526, 0.02167737, 0.15680748, 0.58367461, 0.17970107],
       [0.26162226, 0.51108287, 0.08845334, 0.20905974, 0.34162465]]), array([[0.26638385, 0.00368739, 0.07563935, 0.67825975, 0.19931314],
       [0.57296465, 0.14416458, 0.25237752, 0.20684305, 0.02743744],
       [0.04219998, 0.29730081, 0.00922297, 0.10782042, 0.63457128],
       [0.11845151, 0.55484722, 0.66276017, 0.00707678, 0.13867815]]), array([[0.432671  , 0.45951778, 0.30453679, 0.03256667, 0.34563796],
       [0.41929929, 0.25438255, 0.13955009, 0.22034543, 0.08794987],
       [0.03576552, 0.05665516, 0.10841015, 0.58806948, 0.2742382 ],
       [0.11226419, 0.22944451, 0.44750297, 0.15901842, 0.29217397]]), array([[0.2277937 , 0.15833469, 0.50335708, 0.19306955, 0.13968184],
       [0.01945662, 0.28093162, 0.42571547, 0.17021657, 0.39027146],
       [0.53066907, 0.07229887, 0.04730611, 0.15391331, 0.17985715],
       [0.22208061, 0.48843481, 0.02362134, 0.48280057, 0.29018955]]), array([[0.28954444, 0.06378329, 0.26522561, 0.33716921, 0.28537054],
       [0.02769432, 0.18096747, 0.61703356, 0.17503944, 0.04645316],
       [0.5589308 , 0.19887071, 0.02286885, 0.10318511, 0.05981399],
       [0.12383044, 0.55637854, 0.09487198, 0.38460624, 0.60836231]])]

